Energie	Impulse	Fit(Impulse)	Fit(Impulse)	Fit(Impulse)	Fit(Impulse)
E/keV	Impulse/#	Impulse/#	Impulse/#	Impulse/#	Impulse/#

15,52	2	0	0	0	1
15,53	0	0	0	0	1
15,54	1	0	0	0	1
15,55	2	0	0	0	1
15,55	0	0	0	0	1
15,56	2	0	0	0	1
15,57	1	0	0	0	1
15,58	1	0	0	0	1
15,59	0	0	0	0	1
15,59	2	0	0	0	1
15,60	1	0	0	0	1
15,61	1	0	0	0	1
15,62	2	0	0	0	1
15,63	3	0	0	0	1
15,63	0	0	0	0	1
15,64	1	0	0	0	1
15,65	0	0	0	0	1
15,66	3	0	0	0	1
15,67	1	0	0	0	1
15,67	0	0	0	0	1
15,68	1	0	0	0	1
15,69	0	0	0	0	1
15,70	0	0	0	0	1
15,71	0	0	0	0	1
15,71	2	0	0	0	1
15,72	1	0	0	0	1
15,73	1	0	0	0	1
15,74	0	0	0	0	1
15,75	2	0	0	0	1
15,75	1	0	0	0	1
15,76	3	0	0	0	1
15,77	3	0	0	0	1
15,78	2	0	0	0	1
15,79	4	0	0	0	1
15,79	2	0	0	0	1
15,80	0	0	0	0	1
15,81	3	0	0	0	1
15,82	0	0	0	0	1
15,83	1	0	0	0	1
15,83	5	0	0	0	1
15,84	2	0	0	0	1
15,85	2	0	0	0	1
15,86	1	0	0	0	1
15,86	3	0	0	0	1
15,87	1	0	0	0	1
15,88	2	0	0	0	1
15,89	1	0	0	0	1
15,90	1	0	0	0	1
15,90	0	0	0	0	1
15,91	0	0	0	0	1
15,92	0	0	0	0	1
15,93	1	0	0	0	1
15,94	0	0	0	0	1
15,94	2	0	0	0	1
15,95	1	0	0	0	1
15,96	3	0	0	0	1
15,97	1	0	0	0	1
15,98	4	0	0	0	1
15,98	2	0	0	0	1
15,99	1	0	0	0	1
16,00	2	0	0	0	1
16,01	2	0	0	0	1
16,02	0	0	0	0	1
16,02	2	0	0	0	1
16,03	0	0	0	0	1
16,04	0	0	0	0	1
16,05	2	0	0	0	1
16,06	3	0	0	0	1
16,06	1	0	0	0	1
16,07	0	0	0	0	1
16,08	1	0	0	0	1
16,09	0	0	0	0	2
16,10	0	0	0	0	2
16,10	0	0	0	0	2
16,11	2	0	0	0	2
16,12	0	0	0	0	2
16,13	5	0	0	0	2
16,14	0	0	0	0	2
16,14	0	0	0	0	2
16,15	1	0	0	0	2
16,16	2	0	0	0	2
16,17	3	0	0	0	2
16,18	0	0	0	0	2
16,18	1	0	0	0	2
16,19	2	0	0	0	2
16,20	1	0	0	0	2
16,21	2	0	0	0	2
16,22	2	0	0	0	2
16,22	1	0	0	0	2
16,23	0	0	0	0	2
16,24	2	0	0	0	2
16,25	1	0	0	0	2
16,25	3	0	0	0	2
16,26	1	0	0	0	2
16,27	4	0	0	0	2
16,28	3	0	0	0	2
16,29	3	0	0	0	2
16,29	2	0	0	0	2
16,30	2	0	0	0	2
16,31	4	0	0	0	2
16,32	0	0	0	0	2
16,33	2	0	0	0	2
16,33	0	0	0	0	2
16,34	2	0	0	0	2
16,35	2	0	0	0	2
16,36	3	0	0	0	2
16,37	3	0	0	0	2
16,37	1	0	0	0	2
16,38	5	0	0	0	2
16,39	1	0	0	0	2
16,40	0	0	0	0	2
16,41	1	0	0	0	2
16,41	0	0	0	0	2
16,42	2	0	0	0	2
16,43	2	0	0	0	2
16,44	4	0	0	0	2
16,45	1	0	0	0	2
16,45	2	0	0	0	2
16,46	1	0	0	0	2
16,47	3	0	0	0	2
16,48	1	0	0	0	2
16,49	1	0	0	0	2
16,49	0	0	0	0	2
16,50	0	0	0	0	2
16,51	2	0	0	0	2
16,52	2	0	0	0	2
16,53	1	0	0	0	2
16,53	2	0	0	0	2
16,54	1	0	0	0	2
16,55	1	0	0	0	2
16,56	1	0	0	0	2
16,57	0	0	0	0	2
16,57	1	0	0	0	2
16,58	2	0	0	0	2
16,59	1	0	0	0	2
16,60	1	0	0	0	2
16,61	3	0	0	0	2
16,61	2	0	0	0	2
16,62	3	0	0	0	2
16,63	1	0	0	0	2
16,64	2	0	0	0	2
16,65	0	0	0	0	2
16,65	1	0	0	0	2
16,66	2	0	0	0	2
16,67	2	0	0	0	2
16,68	3	0	0	0	2
16,68	2	0	0	0	2
16,69	2	0	0	0	2
