    1           0 
    2           0 
    3           0 
    4           0 
    5           0 
    6           0 
    7           0 
    8           0 
    9           0 
   10           0 
   11           0 
   12           0 
   13           0 
   14           0 
   15           0 
   16           0 
   17           0 
   18           0 
   19           0 
   20           0 
   21           0 
   22           0 
   23           1 
   24           0 
   25           0 
   26           0 
   27           0 
   28           0 
   29           0 
   30           0 
   31           0 
   32           0 
   33           0 
   34           0 
   35           0 
   36           0 
   37           0 
   38           0 
   39           0 
   40           0 
   41           0 
   42           0 
   43           0 
   44           0 
   45           0 
   46           0 
   47           0 
   48           0 
   49           0 
   50           0 
   51           0 
   52           0 
   53           0 
   54           0 
   55           0 
   56           0 
   57           0 
   58           0 
   59           0 
   60           0 
   61           0 
   62           0 
   63           0 
   64           0 
   65           0 
   66           0 
   67           0 
   68           0 
   69           0 
   70           0 
   71           0 
   72           0 
   73           0 
   74           0 
   75           1 
   76           0 
   77           0 
   78           0 
   79           0 
   80           0 
   81           1 
   82           0 
   83           0 
   84           1 
   85           0 
   86           0 
   87           0 
   88           0 
   89           0 
   90           0 
   91           0 
   92           0 
   93           0 
   94           0 
   95           0 
   96           0 
   97           0 
   98           0 
   99           0 
  100           0 
  101           0 
  102           0 
  103           1 
  104           0 
  105           0 
  106           0 
  107           0 
  108           0 
  109           0 
  110           0 
  111           0 
  112           0 
  113           0 
  114           0 
  115           0 
  116           0 
  117           0 
  118           0 
  119           0 
  120           0 
  121           0 
  122           0 
  123           0 
  124           0 
  125           0 
  126           0 
  127           0 
  128           0 
  129           0 
  130           0 
  131           0 
  132           0 
  133           0 
  134           0 
  135           0 
  136           0 
  137           0 
  138           0 
  139           0 
  140           0 
  141           0 
  142           0 
  143           0 
  144           0 
  145           0 
  146           0 
  147           0 
  148           0 
  149           0 
  150           0 
  151           0 
  152           0 
  153           0 
  154           0 
  155           0 
  156           0 
  157           0 
  158           0 
  159           0 
  160           0 
  161           0 
  162           0 
  163           0 
  164           0 
  165           0 
  166           0 
  167           0 
  168           0 
  169           0 
  170           0 
  171           0 
  172           0 
  173           0 
  174           0 
  175           0 
  176           0 
  177           0 
  178           0 
  179           0 
  180           0 
  181           0 
  182           0 
  183           0 
  184           0 
  185           0 
  186           0 
  187           0 
  188           0 
  189           0 
  190           0 
  191           0 
  192           0 
  193           0 
  194           0 
  195           2 
  196           0 
  197           0 
  198           0 
  199           0 
  200           0 
  201           0 
  202           0 
  203           0 
  204           0 
  205           0 
  206           0 
  207           0 
  208           0 
  209           0 
  210           0 
  211           0 
  212           0 
  213           0 
  214           0 
  215           0 
  216           0 
  217           0 
  218           1 
  219           0 
  220           0 
  221           0 
  222           0 
  223           1 
  224           0 
  225           0 
  226           0 
  227           0 
  228           0 
  229           1 
  230           0 
  231           0 
  232           0 
  233           0 
  234           1 
  235           0 
  236           0 
  237           0 
  238           0 
  239           0 
  240           0 
  241           0 
  242           0 
  243           0 
  244           0 
  245           0 
  246           1 
  247           0 
  248           1 
  249           1 
  250           0 
  251           1 
  252           1 
  253           0 
  254           0 
  255           0 
  256           0 
  257           0 
  258           1 
  259           1 
  260           0 
  261           1 
  262           0 
  263           0 
  264           0 
  265           1 
  266           1 
  267           0 
  268           0 
  269           0 
  270           2 
  271           0 
  272           2 
  273           0 
  274           3 
  275           1 
  276           1 
  277           0 
  278           0 
  279           0 
  280           0 
  281           1 
  282           1 
  283           1 
  284           1 
  285           0 
  286           0 
  287           0 
  288           0 
  289           0 
  290           0 
  291           3 
  292           2 
  293           0 
  294           1 
  295           1 
  296           1 
  297           1 
  298           0 
  299           1 
  300           0 
  301           0 
  302           0 
  303           4 
  304           1 
  305           3 
  306           2 
  307           0 
  308           0 
  309           1 
  310           0 
  311           2 
  312           0 
  313           0 
  314           1 
  315           2 
  316           2 
  317           0 
  318           2 
  319           1 
  320           1 
  321           2 
  322           1 
  323           4 
  324           2 
  325           1 
  326           1 
  327           2 
  328           0 
  329           1 
  330           2 
  331           2 
  332           4 
  333           2 
  334           3 
  335           3 
  336           4 
  337           2 
  338           1 
  339           0 
  340           2 
  341           1 
  342           1 
  343           1 
  344           0 
  345           5 
  346           4 
  347           3 
  348           3 
  349           2 
  350           5 
  351           3 
  352           4 
  353           1 
  354           1 
  355           4 
  356           3 
  357           2 
  358           7 
  359          10 
  360          10 
  361           8 
  362          11 
  363          16 
  364          11 
  365          23 
  366          29 
  367          50 
  368          76 
  369          99 
  370         100 
  371         134 
  372         119 
  373         113 
  374          70 
  375          82 
  376          53 
  377          42 
  378          27 
  379          18 
  380          16 
  381          13 
  382          10 
  383           9 
  384          13 
  385           9 
  386           3 
  387           8 
  388           5 
  389           5 
  390           5 
  391           7 
  392           4 
  393           6 
  394           4 
  395           2 
  396           4 
  397           3 
  398           3 
  399           4 
  400           4 
  401           6 
  402           2 
  403           4 
  404           2 
  405           2 
  406           3 
  407           4 
  408           2 
  409           3 
  410           2 
  411           7 
  412           3 
  413           2 
  414           1 
  415           0 
  416           1 
  417           1 
  418           0 
  419           2 
  420           3 
  421           5 
  422           1 
  423           0 
  424           1 
  425           2 
  426           4 
  427           1 
  428           0 
  429           2 
  430           2 
  431           2 
  432           2 
  433           1 
  434           0 
  435           2 
  436           0 
  437           0 
  438           1 
  439           4 
  440           1 
  441           0 
  442           2 
  443           1 
  444           1 
  445           0 
  446           1 
  447           2 
  448           1 
  449           0 
  450           0 
  451           3 
  452           1 
  453           3 
  454           0 
  455           1 
  456           2 
  457           0 
  458           2 
  459           1 
  460           0 
  461           1 
  462           3 
  463           1 
  464           2 
  465           0 
  466           0 
  467           0 
  468           1 
  469           0 
  470           1 
  471           0 
  472           1 
  473           1 
  474           0 
  475           3 
  476           1 
  477           2 
  478           0 
  479           1 
  480           0 
  481           0 
  482           0 
  483           0 
  484           0 
  485           0 
  486           0 
  487           0 
  488           0 
  489           1 
  490           2 
  491           0 
  492           0 
  493           0 
  494           2 
  495           0 
  496           0 
  497           0 
  498           0 
  499           0 
  500           0 
  501           0 
  502           0 
  503           0 
  504           0 
  505           0 
  506           0 
  507           0 
  508           0 
  509           0 
  510           0 
  511           0 
  512           0 
