    1           0 
    2           0 
    3           0 
    4           0 
    5           0 
    6           0 
    7           0 
    8           0 
    9           0 
   10           0 
   11           0 
   12           0 
   13           0 
   14           0 
   15           0 
   16           0 
   17           0 
   18           0 
   19           0 
   20           0 
   21           0 
   22           0 
   23           0 
   24           0 
   25           0 
   26           0 
   27           0 
   28           0 
   29           0 
   30           0 
   31           1 
   32           0 
   33           0 
   34           0 
   35           0 
   36           0 
   37           1 
   38           0 
   39           0 
   40           1 
   41           0 
   42           0 
   43           0 
   44           0 
   45           0 
   46           1 
   47           0 
   48           1 
   49           0 
   50           1 
   51           0 
   52           1 
   53           2 
   54           4 
   55           1 
   56           7 
   57           8 
   58          24 
   59          35 
   60          52 
   61         107 
   62         169 
   63         272 
   64         371 
   65         500 
   66         573 
   67         671 
   68         731 
   69         651 
   70         574 
   71         518 
   72         379 
   73         373 
   74         327 
   75         259 
   76         234 
   77         192 
   78         171 
   79         164 
   80         164 
   81         154 
   82         116 
   83         111 
   84         129 
   85         110 
   86         103 
   87          96 
   88          89 
   89          88 
   90          87 
   91          75 
   92          76 
   93          81 
   94          82 
   95          58 
   96          49 
   97          51 
   98          70 
   99          51 
  100          66 
  101          59 
  102          62 
  103          58 
  104          50 
  105          52 
  106          41 
  107          45 
  108          52 
  109          36 
  110          48 
  111          44 
  112          45 
  113          34 
  114          41 
  115          39 
  116          42 
  117          47 
  118          42 
  119          34 
  120          38 
  121          51 
  122          24 
  123          31 
  124          29 
  125          39 
  126          27 
  127          29 
  128          31 
  129          23 
  130          28 
  131          28 
  132          19 
  133          18 
  134          23 
  135          26 
  136          16 
  137          14 
  138          27 
  139          21 
  140          10 
  141          23 
  142          18 
  143          25 
  144          19 
  145          23 
  146          17 
  147          20 
  148          23 
  149          11 
  150          17 
  151          12 
  152          15 
  153          22 
  154          19 
  155          15 
  156          16 
  157          15 
  158          17 
  159          16 
  160           8 
  161          15 
  162          14 
  163          10 
  164          13 
  165          12 
  166          12 
  167           6 
  168          14 
  169          15 
  170          20 
  171          12 
  172          15 
  173          14 
  174          16 
  175           7 
  176          16 
  177           7 
  178           8 
  179          14 
  180           4 
  181          10 
  182          11 
  183          13 
  184           9 
  185          11 
  186           7 
  187          12 
  188           5 
  189           7 
  190          13 
  191           8 
  192           7 
  193           9 
  194           9 
  195           7 
  196          10 
  197           9 
  198           9 
  199           6 
  200           2 
  201           6 
  202          11 
  203           7 
  204          11 
  205           9 
  206           2 
  207           1 
  208           3 
  209           4 
  210           3 
  211           5 
  212           6 
  213           4 
  214           3 
  215           2 
  216           3 
  217           3 
  218           5 
  219           4 
  220           2 
  221           2 
  222           3 
  223           2 
  224           4 
  225           2 
  226           5 
  227           4 
  228           1 
  229           5 
  230           2 
  231           2 
  232           3 
  233           3 
  234           3 
  235           3 
  236           1 
  237           2 
  238           4 
  239           3 
  240           1 
  241           2 
  242           0 
  243           1 
  244           1 
  245           1 
  246           1 
  247           4 
  248           2 
  249           2 
  250           1 
  251           4 
  252           2 
  253           3 
  254           1 
  255           3 
  256           2 
  257           5 
  258           0 
  259           4 
  260           0 
  261           2 
  262           1 
  263           3 
  264           1 
  265           2 
  266           1 
  267           0 
  268           1 
  269           1 
  270           1 
  271           0 
  272           2 
  273           2 
  274           1 
  275           0 
  276           1 
  277           1 
  278           2 
  279           1 
  280           0 
  281           0 
  282           1 
  283           0 
  284           0 
  285           3 
  286           1 
  287           0 
  288           1 
  289           0 
  290           1 
  291           0 
  292           1 
  293           0 
  294           1 
  295           3 
  296           1 
  297           0 
  298           1 
  299           0 
  300           2 
  301           0 
  302           0 
  303           1 
  304           1 
  305           1 
  306           2 
  307           0 
  308           1 
  309           2 
  310           1 
  311           0 
  312           1 
  313           0 
  314           1 
  315           1 
  316           1 
  317           2 
  318           0 
  319           0 
  320           0 
  321           0 
  322           0 
  323           1 
  324           1 
  325           0 
  326           0 
  327           0 
  328           0 
  329           0 
  330           0 
  331           0 
  332           1 
  333           1 
  334           0 
  335           0 
  336           0 
  337           0 
  338           0 
  339           0 
  340           0 
  341           0 
  342           0 
  343           0 
  344           1 
  345           0 
  346           0 
  347           0 
  348           0 
  349           0 
  350           0 
  351           0 
  352           0 
  353           0 
  354           0 
  355           0 
  356           0 
  357           0 
  358           0 
  359           1 
  360           0 
  361           0 
  362           1 
  363           0 
  364           1 
  365           0 
  366           0 
  367           1 
  368           0 
  369           1 
  370           0 
  371           0 
  372           0 
  373           0 
  374           0 
  375           0 
  376           0 
  377           0 
  378           0 
  379           0 
  380           0 
  381           0 
  382           0 
  383           1 
  384           1 
  385           0 
  386           0 
  387           0 
  388           0 
  389           0 
  390           0 
  391           0 
  392           1 
  393           0 
  394           0 
  395           1 
  396           0 
  397           1 
  398           2 
  399           0 
  400           1 
  401           0 
  402           0 
  403           0 
  404           0 
  405           0 
  406           0 
  407           0 
  408           0 
  409           0 
  410           0 
  411           0 
  412           0 
  413           0 
  414           0 
  415           0 
  416           0 
  417           0 
  418           0 
  419           0 
  420           0 
  421           0 
  422           0 
  423           0 
  424           0 
  425           0 
  426           0 
  427           1 
  428           0 
  429           0 
  430           0 
  431           0 
  432           0 
  433           0 
  434           0 
  435           0 
  436           0 
  437           0 
  438           2 
  439           0 
  440           0 
  441           0 
  442           0 
  443           0 
  444           0 
  445           0 
  446           0 
  447           0 
  448           0 
  449           0 
  450           0 
  451           0 
  452           0 
  453           0 
  454           0 
  455           0 
  456           1 
  457           0 
  458           0 
  459           0 
  460           0 
  461           0 
  462           0 
  463           1 
  464           0 
  465           0 
  466           0 
  467           0 
  468           0 
  469           0 
  470           0 
  471           0 
  472           0 
  473           0 
  474           0 
  475           0 
  476           0 
  477           0 
  478           0 
  479           0 
  480           0 
  481           0 
  482           0 
  483           0 
  484           0 
  485           0 
  486           0 
  487           0 
  488           0 
  489           1 
  490           0 
  491           0 
  492           0 
  493           0 
  494           0 
  495           0 
  496           0 
  497           0 
  498           0 
  499           0 
  500           0 
  501           0 
  502           0 
  503           0 
  504           0 
  505           0 
  506           0 
  507           0 
  508           0 
  509           0 
  510           0 
  511           0 
  512           0 
