    1           0 
    2           0 
    3           0 
    4           0 
    5           0 
    6           0 
    7           0 
    8           0 
    9           0 
   10           0 
   11           0 
   12           0 
   13           0 
   14           0 
   15           0 
   16           0 
   17           0 
   18           0 
   19           0 
   20           0 
   21           0 
   22           0 
   23           0 
   24           0 
   25           0 
   26           0 
   27           0 
   28           0 
   29           0 
   30           0 
   31           0 
   32           0 
   33           0 
   34           0 
   35           0 
   36           0 
   37           0 
   38           0 
   39           0 
   40           0 
   41           0 
   42           0 
   43           0 
   44           0 
   45           0 
   46           0 
   47           0 
   48           0 
   49           0 
   50           0 
   51           0 
   52           0 
   53           0 
   54           0 
   55           1 
   56           0 
   57           0 
   58           0 
   59           0 
   60           0 
   61           1 
   62           0 
   63           0 
   64           1 
   65           0 
   66           0 
   67           0 
   68           0 
   69           0 
   70           0 
   71           1 
   72           0 
   73           0 
   74           0 
   75           0 
   76           1 
   77           3 
   78           1 
   79           1 
   80           2 
   81           3 
   82           2 
   83           0 
   84           2 
   85           2 
   86           6 
   87           6 
   88           6 
   89           4 
   90           8 
   91          10 
   92          10 
   93          13 
   94          13 
   95           8 
   96          20 
   97          19 
   98          15 
   99          15 
  100          27 
  101          37 
  102          30 
  103          43 
  104          39 
  105          47 
  106          48 
  107          66 
  108          65 
  109          61 
  110          69 
  111          89 
  112         100 
  113          97 
  114         103 
  115         135 
  116         142 
  117         129 
  118         154 
  119         168 
  120         154 
  121         173 
  122         168 
  123         184 
  124         176 
  125         178 
  126         176 
  127         189 
  128         200 
  129         206 
  130         192 
  131         197 
  132         214 
  133         188 
  134         199 
  135         206 
  136         183 
  137         193 
  138         186 
  139         216 
  140         200 
  141         159 
  142         207 
  143         182 
  144         216 
  145         214 
  146         188 
  147         229 
  148         208 
  149         215 
  150         198 
  151         192 
  152         180 
  153         179 
  154         190 
  155         187 
  156         180 
  157         186 
  158         188 
  159         188 
  160         181 
  161         185 
  162         209 
  163         168 
  164         195 
  165         186 
  166         172 
  167         201 
  168         193 
  169         202 
  170         181 
  171         171 
  172         194 
  173         180 
  174         169 
  175         191 
  176         218 
  177         175 
  178         173 
  179         209 
  180         190 
  181         171 
  182         199 
  183         161 
  184         195 
  185         171 
  186         179 
  187         203 
  188         172 
  189         203 
  190         195 
  191         199 
  192         194 
  193         185 
  194         196 
  195         185 
  196         197 
  197         180 
  198         191 
  199         182 
  200         181 
  201         190 
  202         216 
  203         180 
  204         182 
  205         194 
  206         176 
  207         210 
  208         188 
  209         201 
  210         202 
  211         215 
  212         199 
  213         195 
  214         203 
  215         168 
  216         203 
  217         218 
  218         188 
  219         208 
  220         173 
  221         187 
  222         180 
  223         174 
  224         204 
  225         203 
  226         201 
  227         223 
  228         184 
  229         180 
  230         181 
  231         214 
  232         168 
  233         209 
  234         197 
  235         194 
  236         197 
  237         189 
  238         209 
  239         188 
  240         221 
  241         210 
  242         213 
  243         227 
  244         200 
  245         186 
  246         199 
  247         209 
  248         186 
  249         217 
  250         205 
  251         220 
  252         199 
  253         236 
  254         206 
  255         209 
  256         228 
  257         211 
  258         204 
  259         218 
  260         212 
  261         246 
  262         208 
  263         231 
  264         239 
  265         218 
  266         214 
  267         204 
  268         180 
  269         213 
  270         211 
  271         221 
  272         215 
  273         241 
  274         253 
  275         238 
  276         244 
  277         224 
  278         232 
  279         241 
  280         233 
  281         242 
  282         221 
  283         253 
  284         248 
  285         222 
  286         230 
  287         243 
  288         236 
  289         245 
  290         205 
  291         238 
  292         231 
  293         240 
  294         213 
  295         226 
  296         231 
  297         225 
  298         233 
  299         246 
  300         235 
  301         252 
  302         232 
  303         236 
  304         221 
  305         214 
  306         209 
  307         230 
  308         234 
  309         240 
  310         240 
  311         220 
  312         216 
  313         215 
  314         226 
  315         213 
  316         182 
  317         208 
  318         198 
  319         192 
  320         208 
  321         176 
  322         187 
  323         182 
  324         195 
  325         173 
  326         169 
  327         164 
  328         161 
  329         160 
  330         153 
  331         134 
  332         149 
  333         126 
  334         149 
  335         137 
  336         135 
  337         135 
  338         107 
  339         125 
  340         119 
  341         107 
  342         105 
  343          90 
  344          85 
  345          85 
  346          83 
  347          65 
  348          84 
  349          80 
  350          69 
  351          75 
  352          58 
  353          67 
  354          61 
  355          50 
  356          44 
  357          53 
  358          53 
  359          47 
  360          44 
  361          36 
  362          56 
  363          28 
  364          33 
  365          31 
  366          35 
  367          35 
  368          33 
  369          24 
  370          22 
  371          33 
  372          38 
  373          24 
  374          27 
  375          23 
  376          21 
  377          17 
  378          13 
  379          16 
  380          13 
  381          24 
  382          12 
  383          15 
  384          19 
  385          12 
  386          10 
  387          16 
  388          14 
  389           6 
  390          10 
  391          10 
  392          13 
  393           9 
  394           7 
  395           6 
  396           8 
  397           6 
  398           7 
  399           9 
  400           8 
  401           3 
  402          12 
  403           2 
  404           8 
  405           7 
  406           7 
  407           3 
  408           7 
  409           4 
  410           8 
  411           4 
  412           6 
  413           4 
  414           3 
  415           5 
  416           0 
  417           6 
  418           5 
  419           3 
  420           2 
  421           2 
  422           3 
  423           1 
  424           1 
  425           2 
  426           2 
  427           1 
  428           2 
  429           5 
  430           5 
  431           4 
  432           1 
  433           2 
  434           7 
  435           3 
  436           6 
  437           2 
  438           3 
  439           0 
  440           1 
  441           1 
  442           0 
  443           2 
  444           1 
  445           1 
  446           0 
  447           0 
  448           1 
  449           0 
  450           0 
  451           1 
  452           1 
  453           1 
  454           0 
  455           2 
  456           2 
  457           0 
  458           0 
  459           0 
  460           1 
  461           0 
  462           0 
  463           0 
  464           1 
  465           0 
  466           1 
  467           0 
  468           2 
  469           0 
  470           0 
  471           1 
  472           0 
  473           1 
  474           1 
  475           1 
  476           0 
  477           1 
  478           0 
  479           0 
  480           0 
  481           1 
  482           0 
  483           0 
  484           0 
  485           0 
  486           0 
  487           0 
  488           0 
  489           0 
  490           0 
  491           0 
  492           0 
  493           0 
  494           0 
  495           0 
  496           0 
  497           0 
  498           0 
  499           0 
  500           0 
  501           0 
  502           0 
  503           0 
  504           0 
  505           0 
  506           0 
  507           0 
  508           0 
  509           0 
  510           0 
  511           0 
  512           0 
