    1           0 
    2           0 
    3           0 
    4           0 
    5           0 
    6           0 
    7           0 
    8           0 
    9           0 
   10           0 
   11           0 
   12           0 
   13           0 
   14           0 
   15           0 
   16           0 
   17           0 
   18           0 
   19           0 
   20           0 
   21           0 
   22           0 
   23           0 
   24           0 
   25           0 
   26           0 
   27           0 
   28           0 
   29           0 
   30           0 
   31           0 
   32           0 
   33           0 
   34           0 
   35           0 
   36           0 
   37           0 
   38           0 
   39           0 
   40           0 
   41           0 
   42           0 
   43           0 
   44           0 
   45           0 
   46           1 
   47           0 
   48           0 
   49           0 
   50           0 
   51           0 
   52           1 
   53           0 
   54           0 
   55           0 
   56           0 
   57           0 
   58           0 
   59           0 
   60           0 
   61           0 
   62           0 
   63           0 
   64           0 
   65           0 
   66           0 
   67           0 
   68           0 
   69           0 
   70           0 
   71           0 
   72           0 
   73           0 
   74           0 
   75           0 
   76           0 
   77           0 
   78           0 
   79           0 
   80           1 
   81           0 
   82           0 
   83           1 
   84           0 
   85           0 
   86           0 
   87           0 
   88           2 
   89           0 
   90           0 
   91           0 
   92           0 
   93           0 
   94           0 
   95           0 
   96           0 
   97           0 
   98           0 
   99           0 
  100           0 
  101           0 
  102           0 
  103           0 
  104           1 
  105           0 
  106           1 
  107           1 
  108           0 
  109           1 
  110           0 
  111           0 
  112           0 
  113           0 
  114           0 
  115           1 
  116           0 
  117           0 
  118           0 
  119           0 
  120           0 
  121           0 
  122           1 
  123           0 
  124           0 
  125           1 
  126           0 
  127           1 
  128           0 
  129           1 
  130           2 
  131           0 
  132           0 
  133           0 
  134           0 
  135           0 
  136           0 
  137           0 
  138           3 
  139           0 
  140           0 
  141           0 
  142           1 
  143           1 
  144           0 
  145           0 
  146           1 
  147           0 
  148           2 
  149           0 
  150           0 
  151           1 
  152           1 
  153           2 
  154           3 
  155           1 
  156           0 
  157           1 
  158           2 
  159           0 
  160           0 
  161           1 
  162           2 
  163           1 
  164           0 
  165           1 
  166           1 
  167           1 
  168           1 
  169           1 
  170           2 
  171           0 
  172           3 
  173           1 
  174           1 
  175           0 
  176           1 
  177           0 
  178           2 
  179           4 
  180           4 
  181           3 
  182           3 
  183           1 
  184           1 
  185           1 
  186           1 
  187           3 
  188           1 
  189           0 
  190           3 
  191           4 
  192           1 
  193           2 
  194           0 
  195           2 
  196           2 
  197           0 
  198           3 
  199           3 
  200           3 
  201           6 
  202           3 
  203           6 
  204           2 
  205           2 
  206           5 
  207           5 
  208           5 
  209          15 
  210           8 
  211          16 
  212          19 
  213          28 
  214          31 
  215          57 
  216          93 
  217          81 
  218          92 
  219          74 
  220          78 
  221          72 
  222          47 
  223          33 
  224          18 
  225          19 
  226          16 
  227          14 
  228          12 
  229           5 
  230           5 
  231           6 
  232           7 
  233           3 
  234           1 
  235           6 
  236           5 
  237           3 
  238           5 
  239           1 
  240           6 
  241           3 
  242           8 
  243           1 
  244           4 
  245           2 
  246           4 
  247           3 
  248           4 
  249           2 
  250           2 
  251           4 
  252           1 
  253           3 
  254           1 
  255           4 
  256           2 
  257           3 
  258           3 
  259           5 
  260           1 
  261           2 
  262           4 
  263           2 
  264           0 
  265           1 
  266           2 
  267           2 
  268           0 
  269           3 
  270           2 
  271           0 
  272           1 
  273           1 
  274           4 
  275           1 
  276           0 
  277           4 
  278           1 
  279           3 
  280           0 
  281           0 
  282           2 
  283           2 
  284           4 
  285           4 
  286           0 
  287           0 
  288           2 
  289           2 
  290           0 
  291           0 
  292           0 
  293           2 
  294           0 
  295           0 
  296           1 
  297           1 
  298           0 
  299           0 
  300           0 
  301           2 
  302           1 
  303           0 
  304           1 
  305           1 
  306           0 
  307           1 
  308           1 
  309           0 
  310           0 
  311           0 
  312           0 
  313           3 
  314           0 
  315           1 
  316           0 
  317           1 
  318           2 
  319           1 
  320           1 
  321           0 
  322           0 
  323           0 
  324           0 
  325           0 
  326           0 
  327           1 
  328           0 
  329           1 
  330           0 
  331           0 
  332           0 
  333           0 
  334           0 
  335           0 
  336           0 
  337           0 
  338           1 
  339           0 
  340           1 
  341           0 
  342           0 
  343           0 
  344           2 
  345           0 
  346           0 
  347           0 
  348           0 
  349           0 
  350           0 
  351           1 
  352           0 
  353           1 
  354           0 
  355           0 
  356           0 
  357           0 
  358           0 
  359           0 
  360           0 
  361           0 
  362           0 
  363           0 
  364           0 
  365           0 
  366           1 
  367           0 
  368           0 
  369           0 
  370           1 
  371           0 
  372           0 
  373           1 
  374           0 
  375           0 
  376           0 
  377           0 
  378           0 
  379           0 
  380           0 
  381           0 
  382           0 
  383           0 
  384           0 
  385           0 
  386           0 
  387           0 
  388           0 
  389           0 
  390           0 
  391           0 
  392           0 
  393           0 
  394           0 
  395           0 
  396           1 
  397           1 
  398           0 
  399           0 
  400           0 
  401           0 
  402           0 
  403           0 
  404           0 
  405           0 
  406           0 
  407           0 
  408           0 
  409           0 
  410           0 
  411           0 
  412           0 
  413           0 
  414           0 
  415           0 
  416           0 
  417           0 
  418           0 
  419           0 
  420           0 
  421           0 
  422           0 
  423           0 
  424           1 
  425           0 
  426           0 
  427           0 
  428           0 
  429           0 
  430           0 
  431           0 
  432           0 
  433           0 
  434           0 
  435           0 
  436           0 
  437           0 
  438           1 
  439           0 
  440           0 
  441           0 
  442           0 
  443           0 
  444           0 
  445           0 
  446           0 
  447           0 
  448           0 
  449           0 
  450           0 
  451           0 
  452           0 
  453           0 
  454           0 
  455           0 
  456           0 
  457           0 
  458           0 
  459           0 
  460           0 
  461           0 
  462           0 
  463           0 
  464           0 
  465           0 
  466           0 
  467           0 
  468           0 
  469           0 
  470           0 
  471           0 
  472           0 
  473           0 
  474           0 
  475           0 
  476           0 
  477           0 
  478           0 
  479           0 
  480           0 
  481           0 
  482           0 
  483           0 
  484           0 
  485           0 
  486           0 
  487           0 
  488           0 
  489           0 
  490           0 
  491           0 
  492           0 
  493           0 
  494           0 
  495           0 
  496           0 
  497           0 
  498           0 
  499           0 
  500           0 
  501           0 
  502           0 
  503           0 
  504           0 
  505           0 
  506           0 
  507           0 
  508           0 
  509           0 
  510           0 
  511           0 
  512           0 
