    1           0 
    2           0 
    3           0 
    4           0 
    5           0 
    6           0 
    7           0 
    8           0 
    9           0 
   10           0 
   11           0 
   12           0 
   13           2 
   14           1 
   15           0 
   16           0 
   17           1 
   18           1 
   19           0 
   20           0 
   21           0 
   22           0 
   23           1 
   24           1 
   25           1 
   26           0 
   27           1 
   28           1 
   29           2 
   30           0 
   31           3 
   32           0 
   33           1 
   34           0 
   35           1 
   36           2 
   37           2 
   38           2 
   39           0 
   40           0 
   41           0 
   42           0 
   43           0 
   44           1 
   45           1 
   46           2 
   47           0 
   48           0 
   49           0 
   50           1 
   51           1 
   52           1 
   53           1 
   54           0 
   55           0 
   56           0 
   57           3 
   58           0 
   59           0 
   60           2 
   61           3 
   62           2 
   63           1 
   64           3 
   65           1 
   66           1 
   67           0 
   68           2 
   69           1 
   70           1 
   71           3 
   72           2 
   73           0 
   74           1 
   75           3 
   76           1 
   77           0 
   78           2 
   79           2 
   80           0 
   81           2 
   82           2 
   83           1 
   84           0 
   85           2 
   86           2 
   87           1 
   88           2 
   89           2 
   90           4 
   91           4 
   92           2 
   93           1 
   94           1 
   95           0 
   96           1 
   97           6 
   98           3 
   99           2 
  100           3 
  101           1 
  102           4 
  103           8 
  104           8 
  105           4 
  106           5 
  107           7 
  108          11 
  109          11 
  110          17 
  111          23 
  112          41 
  113          58 
  114          74 
  115          82 
  116          90 
  117         124 
  118         105 
  119          94 
  120          70 
  121          55 
  122          38 
  123          29 
  124          23 
  125          15 
  126          11 
  127           7 
  128           3 
  129           2 
  130           5 
  131          11 
  132           7 
  133           7 
  134           4 
  135           2 
  136           2 
  137           2 
  138           5 
  139           4 
  140           4 
  141           5 
  142           3 
  143           4 
  144           3 
  145           0 
  146           2 
  147           3 
  148           2 
  149           5 
  150           3 
  151           1 
  152           1 
  153           2 
  154           0 
  155           2 
  156           5 
  157           4 
  158           3 
  159           2 
  160           4 
  161           2 
  162           3 
  163           2 
  164           3 
  165           2 
  166           1 
  167           2 
  168           2 
  169           1 
  170           0 
  171           0 
  172           1 
  173           2 
  174           4 
  175           0 
  176           0 
  177           2 
  178           1 
  179           1 
  180           4 
  181           1 
  182           1 
  183           0 
  184           0 
  185           1 
  186           0 
  187           0 
  188           0 
  189           1 
  190           1 
  191           1 
  192           0 
  193           0 
  194           0 
  195           3 
  196           2 
  197           2 
  198           4 
  199           0 
  200           0 
  201           1 
  202           0 
  203           1 
  204           0 
  205           0 
  206           0 
  207           0 
  208           1 
  209           1 
  210           0 
  211           1 
  212           0 
  213           0 
  214           0 
  215           1 
  216           0 
  217           2 
  218           0 
  219           1 
  220           1 
  221           0 
  222           0 
  223           0 
  224           0 
  225           1 
  226           1 
  227           0 
  228           0 
  229           0 
  230           1 
  231           2 
  232           0 
  233           1 
  234           0 
  235           0 
  236           0 
  237           1 
  238           0 
  239           0 
  240           0 
  241           0 
  242           0 
  243           0 
  244           1 
  245           0 
  246           0 
  247           0 
  248           0 
  249           0 
  250           0 
  251           0 
  252           2 
  253           0 
  254           0 
  255           0 
  256           0 
  257           0 
  258           0 
  259           0 
  260           0 
  261           0 
  262           0 
  263           0 
  264           0 
  265           0 
  266           0 
  267           0 
  268           0 
  269           0 
  270           0 
  271           0 
  272           0 
  273           0 
  274           0 
  275           1 
  276           1 
  277           0 
  278           0 
  279           0 
  280           0 
  281           1 
  282           0 
  283           0 
  284           0 
  285           1 
  286           0 
  287           0 
  288           0 
  289           0 
  290           0 
  291           0 
  292           0 
  293           0 
  294           0 
  295           0 
  296           0 
  297           0 
  298           0 
  299           0 
  300           0 
  301           0 
  302           0 
  303           0 
  304           0 
  305           0 
  306           0 
  307           0 
  308           0 
  309           0 
  310           0 
  311           0 
  312           0 
  313           0 
  314           0 
  315           0 
  316           0 
  317           1 
  318           0 
  319           0 
  320           0 
  321           0 
  322           0 
  323           0 
  324           0 
  325           1 
  326           0 
  327           0 
  328           0 
  329           0 
  330           0 
  331           0 
  332           0 
  333           0 
  334           0 
  335           0 
  336           0 
  337           0 
  338           0 
  339           0 
  340           0 
  341           0 
  342           1 
  343           0 
  344           0 
  345           0 
  346           0 
  347           0 
  348           0 
  349           0 
  350           0 
  351           0 
  352           0 
  353           0 
  354           0 
  355           0 
  356           0 
  357           0 
  358           0 
  359           0 
  360           0 
  361           0 
  362           0 
  363           0 
  364           0 
  365           0 
  366           0 
  367           0 
  368           0 
  369           0 
  370           0 
  371           0 
  372           0 
  373           0 
  374           0 
  375           0 
  376           0 
  377           0 
  378           0 
  379           0 
  380           0 
  381           0 
  382           0 
  383           0 
  384           0 
  385           0 
  386           0 
  387           0 
  388           0 
  389           0 
  390           0 
  391           1 
  392           0 
  393           0 
  394           0 
  395           0 
  396           0 
  397           0 
  398           0 
  399           0 
  400           0 
  401           0 
  402           0 
  403           0 
  404           0 
  405           0 
  406           0 
  407           0 
  408           0 
  409           0 
  410           0 
  411           0 
  412           0 
  413           0 
  414           0 
  415           0 
  416           0 
  417           0 
  418           0 
  419           0 
  420           0 
  421           0 
  422           0 
  423           0 
  424           0 
  425           0 
  426           0 
  427           0 
  428           0 
  429           0 
  430           0 
  431           0 
  432           0 
  433           0 
  434           0 
  435           0 
  436           0 
  437           0 
  438           0 
  439           0 
  440           0 
  441           0 
  442           0 
  443           0 
  444           0 
  445           0 
  446           0 
  447           0 
  448           0 
  449           0 
  450           0 
  451           0 
  452           0 
  453           0 
  454           0 
  455           0 
  456           0 
  457           0 
  458           0 
  459           0 
  460           0 
  461           0 
  462           0 
  463           0 
  464           0 
  465           0 
  466           0 
  467           0 
  468           0 
  469           0 
  470           0 
  471           0 
  472           0 
  473           0 
  474           0 
  475           0 
  476           0 
  477           0 
  478           0 
  479           0 
  480           0 
  481           0 
  482           0 
  483           0 
  484           0 
  485           0 
  486           0 
  487           0 
  488           0 
  489           0 
  490           0 
  491           0 
  492           0 
  493           0 
  494           0 
  495           0 
  496           0 
  497           0 
  498           0 
  499           0 
  500           0 
  501           0 
  502           0 
  503           0 
  504           0 
  505           0 
  506           0 
  507           0 
  508           0 
  509           0 
  510           0 
  511           0 
  512           0 
