    1           0 
    2           0 
    3           0 
    4           0 
    5           0 
    6           0 
    7           0 
    8           0 
    9           0 
   10           0 
   11           0 
   12           0 
   13           0 
   14           0 
   15           0 
   16           0 
   17           0 
   18           0 
   19           0 
   20           0 
   21           0 
   22           0 
   23           0 
   24           0 
   25           0 
   26           0 
   27           0 
   28           0 
   29           0 
   30           0 
   31           0 
   32           0 
   33           0 
   34           0 
   35           0 
   36           0 
   37           0 
   38           0 
   39           0 
   40           0 
   41           0 
   42           0 
   43           0 
   44           0 
   45           0 
   46           0 
   47           0 
   48           0 
   49           0 
   50           0 
   51           0 
   52           0 
   53           0 
   54           0 
   55           0 
   56           0 
   57           0 
   58           0 
   59           0 
   60           0 
   61           0 
   62           0 
   63           0 
   64           0 
   65           0 
   66           0 
   67           0 
   68           0 
   69           0 
   70           0 
   71           0 
   72           0 
   73           0 
   74           0 
   75           0 
   76           0 
   77           0 
   78           0 
   79           0 
   80           0 
   81           0 
   82           0 
   83           0 
   84           0 
   85           1 
   86           0 
   87           0 
   88           0 
   89           0 
   90           0 
   91           0 
   92           0 
   93           0 
   94           0 
   95           0 
   96           0 
   97           0 
   98           0 
   99           0 
  100           0 
  101           0 
  102           0 
  103           0 
  104           0 
  105           0 
  106           0 
  107           0 
  108           0 
  109           0 
  110           0 
  111           0 
  112           1 
  113           0 
  114           0 
  115           0 
  116           0 
  117           0 
  118           0 
  119           0 
  120           0 
  121           0 
  122           0 
  123           1 
  124           0 
  125           0 
  126           0 
  127           0 
  128           0 
  129           0 
  130           0 
  131           0 
  132           0 
  133           0 
  134           1 
  135           0 
  136           0 
  137           0 
  138           0 
  139           0 
  140           0 
  141           0 
  142           0 
  143           0 
  144           0 
  145           0 
  146           0 
  147           0 
  148           0 
  149           0 
  150           0 
  151           0 
  152           0 
  153           0 
  154           0 
  155           1 
  156           0 
  157           0 
  158           0 
  159           0 
  160           0 
  161           0 
  162           0 
  163           0 
  164           0 
  165           0 
  166           0 
  167           0 
  168           0 
  169           0 
  170           0 
  171           0 
  172           0 
  173           0 
  174           0 
  175           0 
  176           1 
  177           0 
  178           0 
  179           0 
  180           0 
  181           0 
  182           0 
  183           0 
  184           0 
  185           0 
  186           0 
  187           0 
  188           0 
  189           2 
  190           0 
  191           0 
  192           2 
  193           0 
  194           0 
  195           0 
  196           0 
  197           0 
  198           0 
  199           1 
  200           0 
  201           0 
  202           1 
  203           0 
  204           0 
  205           0 
  206           0 
  207           0 
  208           1 
  209           0 
  210           0 
  211           0 
  212           0 
  213           0 
  214           0 
  215           1 
  216           0 
  217           0 
  218           0 
  219           0 
  220           1 
  221           0 
  222           1 
  223           0 
  224           0 
  225           0 
  226           0 
  227           2 
  228           0 
  229           0 
  230           0 
  231           0 
  232           0 
  233           0 
  234           1 
  235           1 
  236           0 
  237           0 
  238           0 
  239           1 
  240           0 
  241           0 
  242           0 
  243           1 
  244           0 
  245           0 
  246           0 
  247           0 
  248           0 
  249           0 
  250           0 
  251           0 
  252           0 
  253           0 
  254           2 
  255           3 
  256           2 
  257           1 
  258           0 
  259           2 
  260           1 
  261           1 
  262           0 
  263           1 
  264           1 
  265           0 
  266           1 
  267           3 
  268           3 
  269           2 
  270           0 
  271           1 
  272           0 
  273           1 
  274           1 
  275           1 
  276           3 
  277           1 
  278           1 
  279           1 
  280           0 
  281           1 
  282           0 
  283           2 
  284           0 
  285           3 
  286           0 
  287           1 
  288           4 
  289           2 
  290           5 
  291           4 
  292           0 
  293           4 
  294           9 
  295           2 
  296           2 
  297           6 
  298           1 
  299           2 
  300           3 
  301           6 
  302           1 
  303           1 
  304           3 
  305           7 
  306           4 
  307           5 
  308           2 
  309          10 
  310           5 
  311          10 
  312          11 
  313          17 
  314          25 
  315          38 
  316          59 
  317          79 
  318          91 
  319          90 
  320          87 
  321          72 
  322          72 
  323          53 
  324          47 
  325          31 
  326          32 
  327          13 
  328          10 
  329          12 
  330           7 
  331           6 
  332           8 
  333           6 
  334           2 
  335           1 
  336           5 
  337           3 
  338           5 
  339           4 
  340           5 
  341           1 
  342           4 
  343           4 
  344           2 
  345           1 
  346           3 
  347           0 
  348           4 
  349           3 
  350           1 
  351           0 
  352           5 
  353           3 
  354           1 
  355           3 
  356           2 
  357           3 
  358           1 
  359           5 
  360           2 
  361           0 
  362           1 
  363           1 
  364           5 
  365           2 
  366           2 
  367           2 
  368           1 
  369           2 
  370           1 
  371           0 
  372           2 
  373           1 
  374           0 
  375           1 
  376           2 
  377           0 
  378           2 
  379           2 
  380           0 
  381           1 
  382           1 
  383           3 
  384           2 
  385           1 
  386           0 
  387           1 
  388           0 
  389           1 
  390           0 
  391           1 
  392           0 
  393           2 
  394           1 
  395           2 
  396           0 
  397           0 
  398           0 
  399           0 
  400           0 
  401           0 
  402           1 
  403           0 
  404           0 
  405           2 
  406           0 
  407           1 
  408           0 
  409           2 
  410           4 
  411           1 
  412           1 
  413           0 
  414           2 
  415           0 
  416           1 
  417           0 
  418           0 
  419           1 
  420           1 
  421           2 
  422           1 
  423           1 
  424           2 
  425           1 
  426           3 
  427           0 
  428           0 
  429           0 
  430           0 
  431           0 
  432           0 
  433           0 
  434           0 
  435           0 
  436           1 
  437           1 
  438           0 
  439           1 
  440           0 
  441           0 
  442           0 
  443           0 
  444           0 
  445           2 
  446           0 
  447           0 
  448           0 
  449           0 
  450           0 
  451           0 
  452           0 
  453           1 
  454           0 
  455           0 
  456           0 
  457           0 
  458           0 
  459           0 
  460           2 
  461           0 
  462           0 
  463           0 
  464           0 
  465           0 
  466           0 
  467           0 
  468           0 
  469           1 
  470           2 
  471           0 
  472           0 
  473           0 
  474           0 
  475           0 
  476           0 
  477           0 
  478           0 
  479           1 
  480           0 
  481           0 
  482           0 
  483           0 
  484           1 
  485           0 
  486           0 
  487           0 
  488           0 
  489           0 
  490           0 
  491           0 
  492           0 
  493           0 
  494           0 
  495           0 
  496           0 
  497           0 
  498           0 
  499           0 
  500           0 
  501           0 
  502           0 
  503           0 
  504           0 
  505           0 
  506           0 
  507           0 
  508           0 
  509           0 
  510           0 
  511           0 
  512           0 
