    1           0 
    2           0 
    3           0 
    4           0 
    5           0 
    6           0 
    7           0 
    8           0 
    9           0 
   10           0 
   11           0 
   12           0 
   13           0 
   14           0 
   15           0 
   16           0 
   17           0 
   18           0 
   19           0 
   20           0 
   21           0 
   22           0 
   23           0 
   24           0 
   25           0 
   26           0 
   27           0 
   28           0 
   29           0 
   30           0 
   31           0 
   32           0 
   33           0 
   34           0 
   35           0 
   36           0 
   37           0 
   38           0 
   39           0 
   40           0 
   41           0 
   42           0 
   43           0 
   44           0 
   45           0 
   46           0 
   47           0 
   48           0 
   49           1 
   50           0 
   51           0 
   52           0 
   53           0 
   54           0 
   55           0 
   56           0 
   57           1 
   58           0 
   59           0 
   60           0 
   61           0 
   62           0 
   63           0 
   64           0 
   65           0 
   66           0 
   67           0 
   68           0 
   69           0 
   70           0 
   71           0 
   72           0 
   73           0 
   74           0 
   75           0 
   76           0 
   77           0 
   78           0 
   79           0 
   80           0 
   81           0 
   82           0 
   83           0 
   84           0 
   85           0 
   86           0 
   87           0 
   88           0 
   89           0 
   90           0 
   91           0 
   92           0 
   93           0 
   94           0 
   95           0 
   96           0 
   97           0 
   98           0 
   99           0 
  100           0 
  101           0 
  102           1 
  103           0 
  104           0 
  105           0 
  106           0 
  107           0 
  108           0 
  109           0 
  110           0 
  111           0 
  112           0 
  113           0 
  114           0 
  115           0 
  116           0 
  117           0 
  118           0 
  119           0 
  120           0 
  121           0 
  122           0 
  123           0 
  124           0 
  125           0 
  126           1 
  127           1 
  128           0 
  129           1 
  130           0 
  131           0 
  132           0 
  133           0 
  134           0 
  135           0 
  136           0 
  137           0 
  138           1 
  139           0 
  140           0 
  141           0 
  142           0 
  143           1 
  144           0 
  145           0 
  146           1 
  147           0 
  148           0 
  149           0 
  150           0 
  151           0 
  152           0 
  153           0 
  154           1 
  155           0 
  156           0 
  157           0 
  158           0 
  159           0 
  160           0 
  161           0 
  162           0 
  163           0 
  164           0 
  165           0 
  166           0 
  167           1 
  168           0 
  169           0 
  170           0 
  171           0 
  172           0 
  173           1 
  174           1 
  175           0 
  176           0 
  177           0 
  178           0 
  179           0 
  180           0 
  181           0 
  182           0 
  183           2 
  184           2 
  185           1 
  186           0 
  187           1 
  188           0 
  189           0 
  190           1 
  191           2 
  192           0 
  193           0 
  194           0 
  195           0 
  196           1 
  197           1 
  198           1 
  199           1 
  200           2 
  201           0 
  202           0 
  203           0 
  204           0 
  205           1 
  206           1 
  207           0 
  208           0 
  209           0 
  210           1 
  211           0 
  212           2 
  213           1 
  214           0 
  215           1 
  216           1 
  217           2 
  218           1 
  219           1 
  220           1 
  221           1 
  222           2 
  223           2 
  224           4 
  225           2 
  226           3 
  227           2 
  228           1 
  229           3 
  230           1 
  231           2 
  232           3 
  233           2 
  234           3 
  235           2 
  236           1 
  237           1 
  238           0 
  239           2 
  240           0 
  241           2 
  242           2 
  243           1 
  244           5 
  245           7 
  246           1 
  247           4 
  248           2 
  249           3 
  250           3 
  251           3 
  252           5 
  253           2 
  254           1 
  255           1 
  256           2 
  257           6 
  258           9 
  259           6 
  260           5 
  261          20 
  262          17 
  263          18 
  264          42 
  265          47 
  266          68 
  267          84 
  268         102 
  269         109 
  270          98 
  271          77 
  272          78 
  273          49 
  274          52 
  275          26 
  276          20 
  277          12 
  278          13 
  279           8 
  280           8 
  281           9 
  282           7 
  283           8 
  284           4 
  285           4 
  286           1 
  287           3 
  288           2 
  289          11 
  290           3 
  291           3 
  292           2 
  293           2 
  294           1 
  295           3 
  296           3 
  297           4 
  298           5 
  299           3 
  300           3 
  301           0 
  302           2 
  303           3 
  304           4 
  305           3 
  306           3 
  307           2 
  308           5 
  309           2 
  310           5 
  311           1 
  312           3 
  313           1 
  314           2 
  315           2 
  316           2 
  317           4 
  318           1 
  319           2 
  320           2 
  321           1 
  322           0 
  323           4 
  324           4 
  325           1 
  326           2 
  327           0 
  328           3 
  329           3 
  330           0 
  331           1 
  332           1 
  333           1 
  334           0 
  335           2 
  336           0 
  337           1 
  338           1 
  339           2 
  340           2 
  341           2 
  342           0 
  343           1 
  344           0 
  345           1 
  346           0 
  347           1 
  348           0 
  349           0 
  350           1 
  351           0 
  352           2 
  353           1 
  354           0 
  355           1 
  356           1 
  357           2 
  358           0 
  359           1 
  360           0 
  361           1 
  362           1 
  363           4 
  364           0 
  365           2 
  366           0 
  367           1 
  368           0 
  369           0 
  370           1 
  371           3 
  372           1 
  373           0 
  374           0 
  375           0 
  376           1 
  377           1 
  378           0 
  379           1 
  380           0 
  381           1 
  382           0 
  383           0 
  384           0 
  385           1 
  386           0 
  387           0 
  388           0 
  389           0 
  390           0 
  391           0 
  392           1 
  393           0 
  394           0 
  395           0 
  396           0 
  397           0 
  398           0 
  399           0 
  400           0 
  401           2 
  402           0 
  403           0 
  404           0 
  405           0 
  406           0 
  407           0 
  408           0 
  409           0 
  410           1 
  411           0 
  412           1 
  413           0 
  414           0 
  415           0 
  416           0 
  417           0 
  418           0 
  419           0 
  420           0 
  421           0 
  422           0 
  423           0 
  424           0 
  425           0 
  426           0 
  427           0 
  428           0 
  429           0 
  430           0 
  431           0 
  432           0 
  433           0 
  434           1 
  435           0 
  436           0 
  437           0 
  438           0 
  439           0 
  440           0 
  441           1 
  442           0 
  443           0 
  444           0 
  445           0 
  446           0 
  447           0 
  448           0 
  449           0 
  450           0 
  451           0 
  452           1 
  453           0 
  454           1 
  455           0 
  456           0 
  457           0 
  458           0 
  459           0 
  460           0 
  461           0 
  462           0 
  463           0 
  464           0 
  465           0 
  466           0 
  467           0 
  468           0 
  469           0 
  470           0 
  471           0 
  472           1 
  473           0 
  474           0 
  475           0 
  476           1 
  477           0 
  478           0 
  479           0 
  480           0 
  481           0 
  482           0 
  483           0 
  484           0 
  485           0 
  486           0 
  487           0 
  488           0 
  489           0 
  490           0 
  491           0 
  492           0 
  493           0 
  494           0 
  495           0 
  496           0 
  497           0 
  498           0 
  499           0 
  500           0 
  501           0 
  502           0 
  503           0 
  504           0 
  505           0 
  506           0 
  507           0 
  508           0 
  509           0 
  510           0 
  511           0 
  512           0 
