    1           0 
    2           0 
    3           0 
    4           0 
    5           0 
    6           0 
    7           0 
    8           0 
    9           0 
   10           0 
   11           0 
   12           0 
   13           0 
   14           0 
   15           0 
   16           0 
   17           0 
   18           0 
   19           0 
   20           0 
   21           0 
   22           0 
   23           0 
   24           0 
   25           0 
   26           0 
   27           0 
   28           0 
   29           0 
   30           0 
   31           0 
   32           0 
   33           0 
   34           0 
   35           0 
   36           0 
   37           0 
   38           0 
   39           0 
   40           0 
   41           0 
   42           0 
   43           0 
   44           0 
   45           0 
   46           0 
   47           0 
   48           0 
   49           0 
   50           0 
   51           1 
   52           0 
   53           0 
   54           0 
   55           0 
   56           0 
   57           0 
   58           0 
   59           0 
   60           0 
   61           0 
   62           0 
   63           0 
   64           0 
   65           0 
   66           0 
   67           0 
   68           0 
   69           0 
   70           0 
   71           0 
   72           0 
   73           0 
   74           0 
   75           0 
   76           0 
   77           0 
   78           0 
   79           0 
   80           0 
   81           0 
   82           0 
   83           0 
   84           0 
   85           0 
   86           0 
   87           0 
   88           0 
   89           0 
   90           0 
   91           0 
   92           0 
   93           0 
   94           0 
   95           0 
   96           0 
   97           0 
   98           0 
   99           0 
  100           0 
  101           0 
  102           0 
  103           0 
  104           0 
  105           0 
  106           0 
  107           0 
  108           0 
  109           0 
  110           0 
  111           0 
  112           0 
  113           0 
  114           0 
  115           0 
  116           0 
  117           0 
  118           0 
  119           0 
  120           0 
  121           0 
  122           0 
  123           0 
  124           0 
  125           0 
  126           0 
  127           0 
  128           0 
  129           0 
  130           0 
  131           0 
  132           0 
  133           0 
  134           0 
  135           0 
  136           0 
  137           0 
  138           0 
  139           0 
  140           0 
  141           0 
  142           0 
  143           0 
  144           0 
  145           0 
  146           0 
  147           0 
  148           0 
  149           0 
  150           0 
  151           0 
  152           0 
  153           0 
  154           0 
  155           0 
  156           0 
  157           0 
  158           0 
  159           0 
  160           0 
  161           0 
  162           1 
  163           0 
  164           0 
  165           0 
  166           0 
  167           0 
  168           0 
  169           0 
  170           0 
  171           0 
  172           0 
  173           0 
  174           0 
  175           0 
  176           0 
  177           0 
  178           0 
  179           0 
  180           0 
  181           0 
  182           0 
  183           0 
  184           0 
  185           0 
  186           0 
  187           0 
  188           0 
  189           0 
  190           0 
  191           0 
  192           0 
  193           0 
  194           1 
  195           1 
  196           0 
  197           0 
  198           0 
  199           0 
  200           0 
  201           0 
  202           0 
  203           0 
  204           0 
  205           0 
  206           0 
  207           0 
  208           0 
  209           0 
  210           0 
  211           0 
  212           0 
  213           0 
  214           0 
  215           0 
  216           0 
  217           0 
  218           0 
  219           0 
  220           0 
  221           0 
  222           0 
  223           0 
  224           0 
  225           0 
  226           0 
  227           0 
  228           0 
  229           0 
  230           0 
  231           0 
  232           0 
  233           0 
  234           0 
  235           0 
  236           0 
  237           0 
  238           0 
  239           0 
  240           0 
  241           0 
  242           0 
  243           0 
  244           0 
  245           0 
  246           0 
  247           0 
  248           1 
  249           0 
  250           0 
  251           0 
  252           0 
  253           0 
  254           0 
  255           0 
  256           1 
  257           0 
  258           0 
  259           0 
  260           1 
  261           0 
  262           1 
  263           0 
  264           0 
  265           0 
  266           0 
  267           0 
  268           0 
  269           0 
  270           0 
  271           0 
  272           0 
  273           0 
  274           0 
  275           1 
  276           0 
  277           0 
  278           0 
  279           0 
  280           0 
  281           0 
  282           0 
  283           0 
  284           0 
  285           0 
  286           0 
  287           1 
  288           0 
  289           0 
  290           0 
  291           0 
  292           0 
  293           0 
  294           1 
  295           0 
  296           2 
  297           0 
  298           4 
  299           0 
  300           0 
  301           0 
  302           0 
  303           0 
  304           0 
  305           0 
  306           0 
  307           1 
  308           0 
  309           0 
  310           0 
  311           1 
  312           1 
  313           1 
  314           0 
  315           2 
  316           0 
  317           1 
  318           0 
  319           0 
  320           0 
  321           0 
  322           4 
  323           0 
  324           1 
  325           0 
  326           2 
  327           0 
  328           1 
  329           0 
  330           1 
  331           0 
  332           0 
  333           1 
  334           1 
  335           0 
  336           1 
  337           0 
  338           1 
  339           0 
  340           0 
  341           0 
  342           0 
  343           2 
  344           0 
  345           1 
  346           2 
  347           2 
  348           0 
  349           3 
  350           0 
  351           2 
  352           0 
  353           0 
  354           2 
  355           0 
  356           2 
  357           1 
  358           2 
  359           2 
  360           2 
  361           0 
  362           0 
  363           1 
  364           2 
  365           2 
  366           2 
  367           2 
  368           0 
  369           2 
  370           0 
  371           1 
  372           0 
  373           0 
  374           0 
  375           1 
  376           4 
  377           4 
  378           3 
  379           1 
  380           2 
  381           1 
  382           4 
  383           2 
  384           1 
  385           2 
  386           2 
  387           0 
  388           5 
  389           4 
  390           2 
  391           3 
  392           0 
  393           2 
  394           0 
  395           2 
  396           4 
  397           2 
  398           4 
  399           7 
  400           2 
  401           2 
  402           0 
  403           5 
  404           5 
  405           4 
  406          10 
  407           2 
  408           9 
  409           5 
  410           7 
  411           7 
  412           7 
  413           8 
  414          12 
  415          19 
  416          38 
  417          46 
  418          68 
  419          80 
  420          93 
  421         126 
  422         133 
  423         110 
  424          82 
  425          82 
  426          71 
  427          58 
  428          34 
  429          20 
  430          14 
  431          14 
  432          11 
  433           8 
  434           6 
  435           8 
  436           7 
  437           7 
  438           3 
  439           3 
  440           2 
  441           5 
  442           6 
  443           9 
  444           7 
  445           5 
  446           6 
  447           4 
  448           6 
  449           3 
  450           3 
  451           2 
  452           3 
  453           2 
  454           4 
  455           8 
  456           6 
  457           5 
  458           2 
  459           2 
  460           3 
  461           0 
  462           4 
  463           3 
  464           4 
  465           0 
  466           5 
  467           1 
  468           2 
  469           1 
  470           2 
  471           1 
  472           0 
  473           1 
  474           1 
  475           4 
  476           2 
  477           2 
  478           2 
  479           1 
  480           2 
  481           2 
  482           1 
  483           1 
  484           0 
  485           1 
  486           1 
  487           0 
  488           3 
  489           1 
  490           3 
  491           0 
  492           1 
  493           3 
  494           1 
  495           0 
  496           0 
  497           0 
  498           0 
  499           0 
  500           0 
  501           0 
  502           0 
  503           0 
  504           0 
  505           0 
  506           0 
  507           0 
  508           0 
  509           0 
  510           0 
  511           0 
  512           0 
