    1           0 
    2           0 
    3           0 
    4           0 
    5           0 
    6           0 
    7           0 
    8           0 
    9           0 
   10           0 
   11           0 
   12           0 
   13           0 
   14           0 
   15           0 
   16           0 
   17           0 
   18           0 
   19           0 
   20           0 
   21           0 
   22           0 
   23           0 
   24           0 
   25           0 
   26           0 
   27           0 
   28           0 
   29           1 
   30           1 
   31           0 
   32           0 
   33           1 
   34           1 
   35           0 
   36           0 
   37           0 
   38           0 
   39           1 
   40           0 
   41           0 
   42           2 
   43           0 
   44           1 
   45           0 
   46           0 
   47           1 
   48           0 
   49           1 
   50           0 
   51           1 
   52           0 
   53           1 
   54           0 
   55           0 
   56           0 
   57           0 
   58           0 
   59           0 
   60           0 
   61           0 
   62           0 
   63           1 
   64           0 
   65           0 
   66           0 
   67           0 
   68           0 
   69           0 
   70           0 
   71           1 
   72           0 
   73           1 
   74           0 
   75           0 
   76           0 
   77           0 
   78           1 
   79           0 
   80           1 
   81           0 
   82           2 
   83           2 
   84           0 
   85           2 
   86           0 
   87           0 
   88           0 
   89           0 
   90           0 
   91           0 
   92           1 
   93           0 
   94           1 
   95           2 
   96           0 
   97           1 
   98           1 
   99           1 
  100           2 
  101           0 
  102           1 
  103           0 
  104           0 
  105           2 
  106           0 
  107           1 
  108           2 
  109           2 
  110           0 
  111           3 
  112           1 
  113           4 
  114           1 
  115           2 
  116           0 
  117           3 
  118           4 
  119           0 
  120           3 
  121           3 
  122           2 
  123           1 
  124           1 
  125           2 
  126           1 
  127           2 
  128           5 
  129           0 
  130           0 
  131           1 
  132           4 
  133           2 
  134           0 
  135           2 
  136           4 
  137           1 
  138           5 
  139           3 
  140           2 
  141           3 
  142           5 
  143           0 
  144           5 
  145           3 
  146           3 
  147           1 
  148           0 
  149           5 
  150           7 
  151           3 
  152           2 
  153           6 
  154           8 
  155           2 
  156           5 
  157           9 
  158           9 
  159          14 
  160          13 
  161          21 
  162          34 
  163          41 
  164          61 
  165          65 
  166         103 
  167         111 
  168         127 
  169         126 
  170         105 
  171          80 
  172          51 
  173          38 
  174          34 
  175          29 
  176          21 
  177          21 
  178          17 
  179           6 
  180           5 
  181           5 
  182           5 
  183          10 
  184          13 
  185          10 
  186           2 
  187           5 
  188           0 
  189           3 
  190           3 
  191           5 
  192           6 
  193           3 
  194           7 
  195           3 
  196           3 
  197           5 
  198           6 
  199           2 
  200           4 
  201           4 
  202           4 
  203           0 
  204           0 
  205           0 
  206           2 
  207           2 
  208           3 
  209           3 
  210           1 
  211           1 
  212           3 
  213           3 
  214           0 
  215           1 
  216           2 
  217           0 
  218           0 
  219           5 
  220           2 
  221           4 
  222           2 
  223           0 
  224           1 
  225           1 
  226           4 
  227           0 
  228           4 
  229           2 
  230           2 
  231           1 
  232           1 
  233           2 
  234           2 
  235           2 
  236           1 
  237           1 
  238           1 
  239           0 
  240           1 
  241           0 
  242           1 
  243           0 
  244           0 
  245           1 
  246           0 
  247           2 
  248           0 
  249           0 
  250           1 
  251           1 
  252           1 
  253           0 
  254           0 
  255           0 
  256           0 
  257           1 
  258           3 
  259           0 
  260           0 
  261           2 
  262           1 
  263           2 
  264           0 
  265           0 
  266           0 
  267           0 
  268           2 
  269           0 
  270           0 
  271           0 
  272           0 
  273           1 
  274           0 
  275           1 
  276           1 
  277           2 
  278           0 
  279           0 
  280           0 
  281           0 
  282           2 
  283           0 
  284           0 
  285           0 
  286           0 
  287           0 
  288           0 
  289           0 
  290           0 
  291           2 
  292           0 
  293           0 
  294           0 
  295           1 
  296           0 
  297           0 
  298           0 
  299           1 
  300           0 
  301           0 
  302           0 
  303           0 
  304           1 
  305           1 
  306           0 
  307           0 
  308           0 
  309           0 
  310           0 
  311           0 
  312           0 
  313           0 
  314           0 
  315           0 
  316           0 
  317           0 
  318           0 
  319           0 
  320           0 
  321           0 
  322           0 
  323           0 
  324           0 
  325           0 
  326           0 
  327           0 
  328           0 
  329           0 
  330           0 
  331           0 
  332           1 
  333           1 
  334           0 
  335           1 
  336           1 
  337           0 
  338           0 
  339           0 
  340           0 
  341           0 
  342           0 
  343           0 
  344           1 
  345           0 
  346           0 
  347           0 
  348           1 
  349           0 
  350           0 
  351           0 
  352           0 
  353           0 
  354           0 
  355           0 
  356           0 
  357           0 
  358           0 
  359           0 
  360           0 
  361           0 
  362           0 
  363           0 
  364           0 
  365           0 
  366           0 
  367           0 
  368           0 
  369           0 
  370           0 
  371           0 
  372           0 
  373           1 
  374           0 
  375           0 
  376           0 
  377           0 
  378           0 
  379           0 
  380           0 
  381           0 
  382           0 
  383           0 
  384           0 
  385           0 
  386           0 
  387           0 
  388           0 
  389           0 
  390           0 
  391           0 
  392           0 
  393           0 
  394           0 
  395           0 
  396           0 
  397           0 
  398           0 
  399           0 
  400           0 
  401           0 
  402           0 
  403           0 
  404           0 
  405           0 
  406           0 
  407           0 
  408           0 
  409           0 
  410           1 
  411           0 
  412           0 
  413           0 
  414           1 
  415           0 
  416           0 
  417           0 
  418           0 
  419           0 
  420           0 
  421           0 
  422           0 
  423           1 
  424           0 
  425           0 
  426           0 
  427           0 
  428           1 
  429           0 
  430           0 
  431           0 
  432           0 
  433           0 
  434           0 
  435           0 
  436           0 
  437           0 
  438           0 
  439           0 
  440           0 
  441           0 
  442           0 
  443           0 
  444           0 
  445           0 
  446           0 
  447           0 
  448           0 
  449           0 
  450           0 
  451           0 
  452           0 
  453           0 
  454           0 
  455           0 
  456           0 
  457           0 
  458           0 
  459           0 
  460           0 
  461           0 
  462           0 
  463           0 
  464           0 
  465           0 
  466           0 
  467           1 
  468           0 
  469           0 
  470           0 
  471           0 
  472           0 
  473           0 
  474           0 
  475           0 
  476           0 
  477           0 
  478           0 
  479           0 
  480           0 
  481           0 
  482           0 
  483           0 
  484           0 
  485           0 
  486           0 
  487           0 
  488           0 
  489           0 
  490           0 
  491           0 
  492           0 
  493           0 
  494           0 
  495           0 
  496           0 
  497           0 
  498           0 
  499           0 
  500           0 
  501           0 
  502           0 
  503           0 
  504           0 
  505           0 
  506           0 
  507           0 
  508           0 
  509           0 
  510           0 
  511           0 
  512           0 
