# Oscilloscope file ./20191024_894339.bin
# Channel 2
Time / s;Voltage / V
0;0.32
0.1;0.4
0.2;0.32
0.3;0.4
0.4;0.4
0.5;0.4
0.6;0.4
0.7;0.4
0.8;0.4
0.9;0.4
1;0.4
1.1;0.4
1.2;0.4
1.3;0.32
1.4;0.32
1.5;0.32
1.6;0.32
1.7;0.32
1.8;0.24
1.9;0.32
2;0.24
2.1;0.32
2.2;0.24
2.3;0.32
2.4;0.32
2.5;0.32
2.6;0.32
2.7;0.32
2.8;0.32
2.9;0.32
3;0.4
3.1;0.4
3.2;0.4
3.3;0.4
3.4;0.4
3.5;0.48
3.6;0.4
3.7;0.32
3.8;0.32
3.9;0.4
4;0.32
4.1;0.32
4.2;0.32
4.3;0.32
4.4;0.24
4.5;0.32
4.6;0.32
4.7;0.32
4.8;0.32
4.9;0.32
5;0.4
5.1;0.4
5.2;0.48
5.3;0.8
5.4;1.28
5.5;1.68
5.6;2.16
5.7;2.8
5.8;3.2
5.9;3.52
6;4.08
6.1;4.48
6.2;4.24
6.3;4.08
6.4;3.12
6.5;0.48
6.6;0.32
6.7;0.32
6.8;0.32
6.9;0.32
7;0.32
7.1;0.32
7.2;0.32
7.3;0.32
7.4;0.24
7.5;0.32
7.6;0.32
7.7;0.32
7.8;0.32
7.9;0.4
8;0.32
8.1;0.4
8.2;0.32
8.3;0.4
8.4;0.4
8.5;0.4
8.6;0.4
8.7;0.4
8.8;0.4
8.9;0.4
9;0.32
9.1;0.4
9.2;0.32
9.3;0.4
9.4;0.4
9.5;0.48
9.6;0.56
9.7;0.72
9.8;0.8
9.9;0.88
10;1.04
10.1;1.2
10.2;1.28
10.3;1.28
10.4;1.28
10.5;1.2
10.6;0.64
10.7;0.4
10.8;0.4
10.9;0.4
11;0.4
11.1;0.4
11.2;0.32
11.3;0.4
11.4;0.4
11.5;0.4
11.6;0.32
11.7;0.32
11.8;0.32
11.9;0.32
12;0.24
12.1;0.32
12.2;0.24
12.3;0.24
12.4;0.24
12.5;0.32
12.6;0.32
12.7;0.32
12.8;0.32
12.9;0.32
13;0.32
13.1;0.4
13.2;0.32
13.3;0.4
13.4;0.4
13.5;0.4
13.6;0.4
13.7;0.4
13.8;0.4
13.9;0.4
14;0.32
14.1;0.4
14.2;0.32
14.3;0.4
14.4;0.32
14.5;0.32
14.6;0.32
14.7;0.32
14.8;0.24
14.9;0.32
15;0.32
15.1;0.32
15.2;0.32
15.3;0.32
15.4;0.32
15.5;0.32
15.6;0.32
15.7;0.4
15.8;0.32
15.9;0.4
16;0.32
16.1;0.4
16.2;0.32
16.3;0.4
16.4;0.32
16.5;0.4
16.6;0.4
16.7;0.4
16.8;0.32
16.9;0.32
17;0.32
17.1;0.32
17.2;0.24
17.3;0.24
17.4;0.24
17.5;0.32
17.6;0.24
17.7;0.32
17.8;0.32
17.9;0.32
18;0.32
18.1;0.4
18.2;0.4
18.3;0.4
18.4;0.4
18.5;0.48
18.6;0.48
18.7;0.48
18.8;0.48
18.9;0.4
19;0.4
19.1;0.4
19.2;0.32
19.3;0.4
19.4;0.32
19.5;0.32
19.6;0.32
19.7;0.32
19.8;0.24
19.9;0.32
20;0.24
20.1;0.32
20.2;0.24
20.3;-4.48
20.4;-4.48
20.5;-4.48
20.6;-4.48
20.7;-4.48
20.8;-4.48
20.9;-4.48
21;-4.48
21.1;-4.48
21.2;0.4
21.3;0.4
21.4;0.4
21.5;0.4
21.6;0.4
21.7;0.4
21.8;0.32
21.9;0.32
22;0.32
22.1;0.32
22.2;0.32
22.3;0.32
22.4;0.24
22.5;0.32
22.6;0.24
22.7;0.32
22.8;0.32
22.9;0.32
23;0.32
23.1;0.32
23.2;0.32
23.3;0.32
23.4;0.32
23.5;0.4
23.6;0.4
23.7;0.4
23.8;0.4
23.9;0.4
24;0.4
24.1;0.4
24.2;0.4
24.3;0.32
24.4;0.4
24.5;0.32
24.6;0.32
24.7;0.32
24.8;0.32
24.9;0.32
25;0.32
25.1;0.24
25.2;0.32
25.3;0.32
25.4;0.32
25.5;0.32
25.6;0.24
25.7;0.32
25.8;0.32
25.9;0.4
26;0.32
26.1;0.4
26.2;0.32
26.3;0.4
26.4;0.4
26.5;0.4
26.6;0.48
26.7;0.4
26.8;0.48
26.9;0.56
27;0.96
27.1;1.52
27.2;1.92
27.3;2.48
27.4;2.88
27.5;3.36
27.6;3.52
27.7;3.76
27.8;4.32
27.9;4.08
28;4
28.1;3.36
28.2;0.72
28.3;0.32
28.4;0.4
28.5;0.4
28.6;0.4
28.7;0.4
28.8;0.4
28.9;0.4
29;0.4
29.1;0.4
29.2;0.4
29.3;0.32
29.4;0.4
29.5;0.4
29.6;0.4
29.7;0.32
29.8;0.32
29.9;0.32
30;0.32
30.1;0.32
30.2;0.32
30.3;0.32
30.4;0.32
30.5;0.24
30.6;0.32
30.7;0.32
30.8;0.32
30.9;0.32
31;0.4
31.1;0.4
31.2;0.64
31.3;0.72
31.4;0.8
31.5;0.96
31.6;1.04
31.7;1.12
31.8;1.2
31.9;1.28
32;1.36
32.1;1.28
32.2;1.2
32.3;0.8
32.4;0.32
32.5;0.32
32.6;0.32
32.7;0.32
32.8;0.32
32.9;0.24
33;0.32
33.1;0.24
33.2;0.32
33.3;0.32
33.4;0.32
33.5;0.32
33.6;0.32
33.7;0.32
33.8;0.4
33.9;0.32
34;0.4
34.1;0.4
34.2;0.4
34.3;0.4
34.4;0.4
34.5;0.32
34.6;0.4
34.7;0.32
34.8;0.4
34.9;0.32
35;0.4
35.1;0.32
35.2;0.32
35.3;0.32
35.4;0.32
35.5;0.24
35.6;0.32
35.7;0.32
35.8;0.24
35.9;0.32
36;0.32
36.1;0.32
36.2;0.32
36.3;0.32
36.4;0.32
36.5;0.4
36.6;0.4
36.7;0.4
36.8;0.4
36.9;0.4
37;0.4
37.1;0.32
37.2;0.32
37.3;0.4
37.4;0.4
37.5;0.32
37.6;0.4
37.7;0.32
37.8;0.32
37.9;0.32
38;0.32
38.1;0.32
38.2;0.32
38.3;0.24
38.4;0.32
38.5;0.32
38.6;0.32
38.7;0.32
38.8;0.32
38.9;0.32
39;0.4
39.1;0.32
39.2;0.4
39.3;0.4
39.4;0.4
39.5;0.4
39.6;0.48
39.7;0.48
39.8;0.48
39.9;0.4
40;0.48
40.1;0.4
40.2;0.48
40.3;0.4
40.4;0.4
40.5;0.4
40.6;0.4
40.7;0.32
40.8;0.32
40.9;0.32
41;0.32
41.1;0.24
41.2;0.32
41.3;0.32
41.4;0.4
41.5;0.32
41.6;0.4
41.7;0.32
41.8;0.4
41.9;0.4
42;0.4
42.1;-4.48
42.2;-4.48
42.3;-4.48
42.4;-4.48
42.5;-4.48
42.6;-4.48
42.7;-4.48
42.8;-4.48
42.9;0.32
43;0.32
43.1;0.32
43.2;0.32
43.3;0.32
43.4;0.32
43.5;0.24
43.6;0.32
43.7;0.32
43.8;0.32
43.9;0.32
44;0.32
44.1;0.4
44.2;0.4
44.3;0.4
44.4;0.4
44.5;0.4
44.6;0.4
44.7;0
