Energie	Impulse	Fit(Impulse)
E/keV	Impulse/#	Impulse/#

12,78	4	2
12,78	7	2
12,79	6	2
12,80	9	2
12,81	3	2
12,82	7	2
12,82	12	2
12,83	4	2
12,84	8	3
12,85	2	3
12,85	12	3
12,86	9	3
12,87	10	3
12,88	11	3
12,89	5	3
12,89	4	3
12,90	10	3
12,91	15	3
12,92	6	3
12,93	12	3
12,93	3	3
12,94	11	3
12,95	9	3
12,96	14	3
12,97	8	4
12,97	15	4
12,98	12	4
12,99	13	4
13,00	12	4
13,01	6	4
13,01	13	4
13,02	6	4
13,03	17	4
13,04	14	4
13,05	10	4
13,05	15	4
13,06	6	5
13,07	12	5
13,08	9	5
13,09	9	5
13,09	13	5
13,10	16	5
13,11	9	5
13,12	14	5
13,13	10	5
13,13	11	5
13,14	14	5
13,15	7	6
13,16	13	6
13,17	11	6
13,17	19	6
13,18	14	6
13,19	19	6
13,20	19	6
13,21	16	6
13,21	9	7
13,22	21	7
13,23	12	7
13,24	22	7
13,25	15	7
13,25	18	7
13,26	21	7
13,27	22	7
13,28	9	8
13,28	15	8
13,29	29	8
13,30	19	8
13,31	16	8
13,32	11	8
13,32	24	8
13,33	16	9
13,34	17	9
13,35	34	9
13,36	23	9
13,36	23	9
13,37	16	9
13,38	20	10
13,39	21	10
13,40	23	10
13,40	14	10
13,41	21	10
13,42	26	10
13,43	27	11
13,44	25	11
13,44	21	11
13,45	27	11
13,46	16	11
13,47	26	12
13,48	35	12
13,48	17	12
13,49	25	12
13,50	41	12
13,51	21	13
13,52	30	13
13,52	19	13
13,53	25	13
13,54	16	14
13,55	28	14
13,56	28	14
13,56	30	14
13,57	28	14
13,58	37	15
13,59	24	15
13,60	27	15
13,60	39	15
13,61	21	16
13,62	33	16
13,63	30	16
13,64	37	16
13,64	41	17
13,65	42	17
13,66	31	17
13,67	30	18
13,68	25	18
13,68	36	18
13,69	34	18
13,70	30	19
13,71	46	19
13,71	40	19
13,72	33	20
13,73	36	20
13,74	29	20
13,75	33	20
13,75	41	21
13,76	35	21
13,77	48	21
13,78	37	22
13,79	27	22
13,79	34	22
13,80	39	23
13,81	44	23
13,82	32	23
13,83	29	24
13,83	39	24
13,84	49	24
13,85	25	25
13,86	47	25
13,87	36	25
13,87	39	26
13,88	44	26
13,89	43	27
13,90	47	27
13,91	57	27
13,91	30	28
13,92	32	28
13,93	48	28
13,94	34	29
13,95	49	29
13,95	32	30
13,96	44	30
13,97	42	30
13,98	54	31
13,99	49	31
13,99	32	32
14,00	47	32
14,01	70	33
14,02	44	33
14,03	51	33
14,03	45	34
14,04	44	34
14,05	51	35
14,06	49	35
14,07	57	36
14,07	41	36
14,08	48	37
14,09	66	37
14,10	39	38
14,11	49	38
14,11	56	38
14,12	43	39
14,13	58	39
14,14	53	40
14,14	44	40
14,15	50	41
14,16	42	41
14,17	44	42
14,18	57	42
14,18	60	43
14,19	44	43
14,20	62	44
14,21	48	45
14,22	79	45
14,22	50	46
14,23	33	46
14,24	57	47
14,25	49	47
14,26	56	48
14,26	67	48
14,27	45	49
14,28	46	49
14,29	66	50
14,30	45	50
14,30	51	51
14,31	56	52
14,32	68	52
14,33	51	53
14,34	58	53
14,34	55	54
14,35	75	54
14,36	48	55
14,37	56	56
14,38	48	56
14,38	68	57
14,39	41	57
14,40	56	58
14,41	55	59
14,42	63	59
14,42	61	60
14,43	50	60
14,44	53	61
14,45	56	62
14,46	71	62
14,46	66	63
14,47	63	64
14,48	57	64
14,49	62	65
14,50	73	65
14,50	46	66
14,51	61	67
14,52	78	67
14,53	55	68
14,54	64	69
14,54	68	69
14,55	61	70
14,56	69	71
14,57	75	71
14,57	76	72
14,58	65	73
14,59	65	73
14,60	71	74
14,61	61	75
14,61	64	75
14,62	78	76
14,63	58	77
14,64	95	77
14,65	74	78
14,65	73	79
14,66	73	79
14,67	87	80
14,68	64	81
14,69	81	81
14,69	53	82
14,70	66	83
14,71	74	83
14,72	54	84
14,73	80	85
14,73	75	85
14,74	65	86
14,75	84	87
14,76	68	87
14,77	84	88
14,77	94	89
14,78	84	89
14,79	74	90
14,80	66	91
14,81	76	91
14,81	81	92
14,82	90	93
14,83	90	93
14,84	88	94
14,85	57	95
14,85	93	96
14,86	100	96
14,87	73	97
14,88	86	98
14,89	87	98
14,89	102	99
14,90	65	100
14,91	90	100
14,92	97	101
14,93	86	102
14,93	70	102
14,94	89	103
14,95	87	104
14,96	88	104
14,97	90	105
14,97	82	106
14,98	93	106
14,99	58	107
15,00	86	108
15,00	110	108
15,01	87	109
15,02	90	110
15,03	93	110
15,04	100	111
15,04	112	111
15,05	85	112
15,06	77	113
15,07	85	113
15,08	105	114
15,08	110	115
15,09	99	115
15,10	80	116
15,11	116	116
15,12	84	117
15,12	105	118
15,13	119	118
15,14	83	119
15,15	115	119
15,16	94	120
15,16	93	121
15,17	97	121
15,18	128	122
15,19	82	122
15,20	104	123
15,20	104	124
15,21	105	124
15,22	120	125
15,23	93	125
15,24	140	126
15,24	106	126
15,25	98	127
15,26	148	127
15,27	104	128
15,28	118	128
15,28	146	129
15,29	124	129
15,30	125	130
15,31	123	130
15,32	109	131
15,32	105	131
15,33	129	132
15,34	118	132
15,35	132	133
15,36	84	133
15,36	158	134
15,37	109	134
15,38	115	135
15,39	135	135
15,40	109	136
15,40	143	136
15,41	126	136
15,42	128	137
15,43	159	137
15,43	124	138
15,44	109	138
15,45	103	138
15,46	168	139
15,47	135	139
15,47	165	140
15,48	132	140
15,49	179	140
15,50	123	141
15,51	128	141
15,51	177	141
15,52	122	142
15,53	142	142
15,54	157	142
15,55	152	143
15,55	137	143
15,56	143	143
15,57	116	143
15,58	140	144
15,59	140	144
15,59	177	144
15,60	135	144
15,61	123	145
15,62	160	145
15,63	114	145
15,63	159	145
15,64	180	146
15,65	128	146
15,66	187	146
15,67	170	146
15,67	156	146
15,68	167	146
15,69	185	147
15,70	127	147
15,71	170	147
15,71	160	147
15,72	170	147
15,73	179	147
15,74	143	147
15,75	202	148
15,75	154	148
15,76	136	148
15,77	194	148
15,78	122	148
15,79	173	148
15,79	193	148
15,80	138	148
15,81	167	148
15,82	138	148
15,83	123	148
15,83	152	148
15,84	186	148
15,85	171	148
15,86	167	148
15,86	135	148
15,87	183	148
15,88	165	148
15,89	134	148
15,90	203	148
15,90	161	148
15,91	195	148
15,92	140	148
15,93	176	148
15,94	157	147
15,94	160	147
15,95	131	147
15,96	164	147
15,97	152	147
15,98	131	147
15,98	182	147
15,99	136	146
16,00	170	146
16,01	154	146
16,02	167	146
16,02	177	146
16,03	136	146
16,04	137	145
16,05	167	145
16,06	164	145
16,06	160	145
16,07	150	144
16,08	130	144
16,09	145	144
16,10	158	144
16,10	170	143
16,11	167	143
16,12	149	143
16,13	186	143
16,14	112	142
16,14	163	142
16,15	176	142
16,16	146	141
16,17	185	141
16,18	148	141
16,18	167	140
16,19	155	140
16,20	128	140
16,21	166	139
16,22	156	139
16,22	132	138
16,23	130	138
16,24	176	138
16,25	108	137
16,25	189	137
16,26	144	136
16,27	129	136
16,28	163	136
16,29	114	135
16,29	140	135
16,30	175	134
16,31	143	134
16,32	163	133
16,33	152	133
16,33	126	132
16,34	147	132
16,35	115	131
16,36	137	131
16,37	156	130
16,37	97	130
16,38	145	129
16,39	119	129
16,40	109	128
16,41	163	128
16,41	114	127
16,42	148	127
16,43	122	126
16,44	121	126
16,45	102	125
16,45	161	125
16,46	94	124
16,47	118	123
16,48	129	123
16,49	109	122
16,49	158	122
16,50	116	121
16,51	165	121
16,52	95	120
16,53	119	119
16,53	150	119
16,54	102	118
16,55	109	118
16,56	136	117
16,57	101	116
16,57	131	116
16,58	85	115
16,59	122	115
16,60	100	114
16,61	132	113
16,61	125	113
16,62	120	112
16,63	90	111
16,64	135	111
16,65	87	110
16,65	84	109
16,66	153	109
16,67	103	108
16,68	116	107
16,68	110	107
16,69	114	106
16,70	94	106
16,71	122	105
16,72	64	104
16,72	107	104
16,73	106	103
16,74	115	102
16,75	115	102
16,76	76	101
16,76	118	100
16,77	89	100
16,78	86	99
16,79	103	98
16,80	77	98
16,80	69	97
16,81	108	96
16,82	82	95
16,83	88	95
16,84	69	94
16,84	72	93
16,85	75	93
16,86	89	92
16,87	84	91
16,88	77	91
16,88	82	90
16,89	98	89
16,90	76	89
16,91	69	88
16,92	90	87
16,92	58	87
16,93	99	86
16,94	59	85
16,95	59	85
16,96	76	84
16,96	70	83
16,97	79	83
16,98	78	82
16,99	83	81
17,00	62	81
17,00	79	80
17,01	65	79
17,02	80	79
17,03	55	78
17,04	67	77
17,04	77	76
17,05	55	76
17,06	69	75
17,07	85	75
17,08	53	74
17,08	69	73
17,09	72	73
17,10	60	72
17,11	61	71
17,11	70	71
17,12	52	70
17,13	63	69
17,14	44	69
17,15	72	68
17,15	46	67
17,16	63	67
17,17	58	66
17,18	53	65
17,19	60	65
17,19	57	64
17,20	59	64
17,21	46	63
17,22	65	62
17,23	48	62
17,23	50	61
17,24	54	60
17,25	51	60
17,26	51	59
17,27	36	59
17,27	48	58
17,28	46	57
17,29	40	57
17,30	47	56
17,31	47	56
17,31	39	55
17,32	56	54
17,33	52	54
17,34	35	53
17,35	43	53
17,35	36	52
17,36	48	52
17,37	35	51
17,38	49	50
17,39	47	50
17,39	38	49
17,40	59	49
17,41	40	48
17,42	24	48
17,43	42	47
17,43	35	47
17,44	46	46
17,45	46	46
17,46	34	45
17,47	39	44
17,47	49	44
17,48	26	43
17,49	34	43
17,50	37	42
17,51	39	42
17,51	37	41
17,52	32	41
17,53	38	40
17,54	27	40
17,54	30	39
17,55	33	39
17,56	24	38
17,57	33	38
17,58	41	37
17,58	44	37
17,59	29	37
17,60	27	36
17,61	42	36
17,62	29	35
17,62	29	35
17,63	36	34
17,64	24	34
17,65	19	33
17,66	37	33
17,66	26	33
17,67	33	32
17,68	34	32
17,69	23	31
17,70	27	31
17,70	29	30
17,71	26	30
17,72	33	30
17,73	20	29
17,74	23	29
17,74	24	28
17,75	24	28
17,76	15	28
17,77	22	27
17,78	25	27
17,78	30	27
17,79	24	26
17,80	21	26
17,81	27	25
17,82	28	25
17,82	21	25
17,83	30	24
17,84	31	24
17,85	16	24
17,86	19	23
17,86	15	23
17,87	23	23
17,88	28	22
17,89	23	22
17,90	27	22
17,90	18	21
17,91	34	21
17,92	33	21
17,93	26	20
17,94	22	20
17,94	25	20
17,95	28	19
17,96	23	19
17,97	20	19
17,97	26	19
17,98	20	18
17,99	16	18
18,00	21	18
18,01	25	17
18,01	25	17
18,02	32	17
18,03	13	17
18,04	21	16
18,05	14	16
18,05	15	16
18,06	20	16
18,07	16	15
18,08	25	15
18,09	35	15
18,09	20	15
18,10	18	14
18,11	20	14
18,12	10	14
18,13	16	14
18,13	22	14
18,14	22	13
18,15	21	13
18,16	12	13
18,17	22	13
18,17	24	12
18,18	24	12
18,19	16	12
18,20	16	12
18,21	22	12
18,21	12	11
18,22	23	11
18,23	19	11
18,24	23	11
18,25	21	11
18,25	18	10
18,26	20	10
18,27	14	10
18,28	24	10
18,29	12	10
18,29	25	10
18,30	14	9
18,31	14	9
18,32	17	9
18,33	14	9
18,33	18	9
18,34	11	9
18,35	15	8
18,36	15	8
18,37	12	8
18,37	18	8
18,38	18	8
18,39	13	8
18,40	6	8
18,40	5	7
18,41	11	7
18,42	17	7
18,43	13	7
18,44	8	7
18,44	18	7
18,45	12	7
18,46	14	7
18,47	11	6
18,48	14	6
18,48	13	6
18,49	14	6
18,50	13	6
18,51	10	6
18,52	16	6
18,52	11	6
18,53	19	5
18,54	6	5
18,55	12	5
18,56	4	5
18,56	9	5
18,57	17	5
18,58	7	5
18,59	9	5
18,60	15	5
18,60	8	5
18,61	10	4
18,62	8	4
18,63	17	4
18,64	8	4
18,64	10	4
18,65	8	4
18,66	2	4
18,67	10	4
18,68	8	4
18,68	7	4
18,69	6	4
18,70	5	4
18,71	6	4
18,72	10	3
18,72	7	3
18,73	10	3
18,74	5	3
18,75	5	3
18,76	5	3
18,76	6	3
18,77	6	3
18,78	2	3
18,79	11	3
18,80	3	3
18,80	9	3
18,81	6	3
18,82	3	3
18,83	5	3
18,83	2	3
18,84	4	2
18,85	7	2
18,86	8	2
18,87	7	2
18,87	4	2
18,88	8	2
18,89	6	2
18,90	5	2
18,91	4	2
18,91	7	2
18,92	4	2
18,93	7	2
18,94	3	2
18,95	1	2
18,95	9	2
18,96	4	2
18,97	9	2
18,98	4	2
18,99	4	2
18,99	5	2
19,00	3	2
19,01	2	2
