Energie	Impulse	Fit(Impulse)	Fit(Fit(Impulse))	Fit(Impulse)	Fit(Impulse)
E/keV	Impulse/#	Impulse/#	Impulse/#	Impulse/#	Impulse/#

10,34	19	16	16	6	6
10,35	16	16	16	6	6
10,35	14	16	16	7	7
10,36	24	16	16	7	7
10,37	17	16	16	7	7
10,38	19	16	16	7	7
10,39	18	17	17	7	7
10,39	26	17	17	7	7
10,40	18	17	17	7	7
10,41	12	17	17	7	7
10,42	18	17	17	8	8
10,43	24	17	17	8	8
10,43	19	18	18	8	8
10,44	17	18	18	8	8
10,45	20	18	18	8	8
10,46	23	18	18	8	8
10,47	26	18	18	8	8
10,47	14	19	19	9	9
10,48	13	19	19	9	9
10,49	24	19	19	9	9
10,50	26	19	19	9	9
10,51	16	19	19	9	9
10,51	17	19	19	9	9
10,52	35	20	20	10	10
10,53	19	20	20	10	10
10,54	23	20	20	10	10
10,55	30	20	20	10	10
10,55	16	20	20	10	10
10,56	27	21	21	11	11
10,57	13	21	21	11	11
10,58	24	21	21	11	11
10,59	19	21	21	11	11
10,59	32	21	21	11	11
10,60	18	22	22	11	11
10,61	19	22	22	12	12
10,62	18	22	22	12	12
10,63	23	22	22	12	12
10,63	29	22	22	12	12
10,64	20	23	23	12	12
10,65	30	23	23	13	13
10,66	26	23	23	13	13
10,67	20	23	23	13	13
10,67	33	24	24	13	13
10,68	27	24	24	14	14
10,69	25	24	24	14	14
10,70	32	24	24	14	14
10,71	19	24	24	14	14
10,71	29	25	25	14	14
10,72	22	25	25	15	15
10,73	31	25	25	15	15
10,74	34	25	25	15	15
10,74	26	25	25	15	15
10,75	29	26	26	16	16
10,76	24	26	26	16	16
10,77	35	26	26	16	16
10,78	38	26	26	16	16
10,78	24	27	27	17	17
10,79	24	27	27	17	17
10,80	30	27	27	17	17
10,81	29	27	27	17	17
10,82	34	28	28	18	18
10,82	31	28	28	18	18
10,83	30	28	28	18	18
10,84	35	28	28	19	19
10,85	33	28	28	19	19
10,86	18	29	29	19	19
10,86	26	29	29	19	19
10,87	44	29	29	20	20
10,88	25	29	29	20	20
10,89	30	30	30	20	20
10,90	22	30	30	21	21
10,90	43	30	30	21	21
10,91	30	30	30	21	21
10,92	43	31	31	22	22
10,93	36	31	31	22	22
10,94	32	31	31	22	22
10,94	29	31	31	22	22
10,95	27	32	32	23	23
10,96	40	32	32	23	23
10,97	29	32	32	23	23
10,98	27	32	32	24	24
10,98	29	33	33	24	24
10,99	43	33	33	24	24
11,00	35	33	33	25	25
11,01	35	33	33	25	25
11,02	29	34	34	26	26
11,02	31	34	34	26	26
11,03	38	34	34	26	26
11,04	26	34	34	27	27
11,05	25	35	35	27	27
11,06	33	35	35	27	27
11,06	42	35	35	28	28
11,07	41	35	35	28	28
11,08	42	36	36	28	28
11,09	37	36	36	29	29
11,10	32	36	36	29	29
11,10	31	37	37	30	30
11,11	32	37	37	30	30
11,12	38	37	37	30	30
11,13	50	37	37	31	31
11,14	42	38	38	31	31
11,14	38	38	38	31	31
11,15	33	38	38	32	32
11,16	40	38	38	32	32
11,17	41	39	39	33	33
11,17	44	39	39	33	33
11,18	37	39	39	34	34
11,19	32	39	39	34	34
11,20	37	40	40	34	34
11,21	50	40	40	35	35
11,21	39	40	40	35	35
11,22	49	41	41	36	36
11,23	44	41	41	36	36
11,24	30	41	41	36	36
11,25	31	41	41	37	37
11,25	36	42	42	37	37
11,26	51	42	42	38	38
11,27	32	42	42	38	38
11,28	37	43	43	39	39
11,29	40	43	43	39	39
11,29	36	43	43	40	40
11,30	23	43	43	40	40
11,31	43	44	44	40	40
11,32	40	44	44	41	41
11,33	59	44	44	41	41
11,33	56	44	44	42	42
11,34	48	45	45	42	42
11,35	47	45	45	43	43
11,36	61	45	45	43	43
11,37	12	46	46	44	44
11,37	43	46	46	44	44
11,38	36	46	46	45	45
11,39	47	46	46	45	45
11,40	43	47	47	46	46
11,41	41	47	47	46	46
11,41	45	47	47	47	47
11,42	57	48	48	47	47
11,43	38	48	48	48	48
11,44	51	48	48	48	48
11,45	40	48	48	49	49
11,45	57	49	49	49	49
11,46	46	49	49	50	50
11,47	47	49	49	50	50
11,48	29	50	50	50	50
11,49	44	50	50	51	51
11,49	40	50	50	51	51
11,50	43	50	50	52	52
11,51	56	51	51	53	53
11,52	66	51	51	53	53
11,53	51	51	51	54	54
11,53	46	52	52	54	54
11,54	51	52	52	55	55
11,55	33	52	52	55	55
11,56	42	52	52	56	56
11,57	48	53	53	56	56
11,57	55	53	53	57	57
11,58	58	53	53	57	57
11,59	45	54	54	58	58
11,60	44	54	54	58	58
11,60	48	54	54	59	59
11,61	70	54	54	59	59
11,62	33	55	55	60	60
11,63	65	55	55	60	60
11,64	54	55	55	61	61
11,64	72	55	55	61	61
11,65	65	56	56	62	62
11,66	41	56	56	62	62
11,67	71	56	56	63	63
11,68	65	57	57	63	63
11,68	40	57	57	64	64
11,69	76	57	57	64	64
11,70	62	57	57	65	65
11,71	53	58	58	65	65
11,72	50	58	58	66	66
11,72	56	58	58	66	66
11,73	53	59	59	67	67
11,74	66	59	59	67	67
11,75	47	59	59	68	68
11,76	51	59	59	69	69
11,76	70	60	60	69	69
11,77	61	60	60	70	70
11,78	71	60	60	70	70
11,79	59	60	60	71	71
11,80	67	61	61	71	71
11,80	68	61	61	72	72
11,81	56	61	61	72	72
11,82	68	61	61	73	73
11,83	62	62	62	73	73
11,84	90	62	62	74	74
11,84	60	62	62	74	74
11,85	55	63	63	75	75
11,86	76	63	63	75	75
11,87	66	63	63	76	76
11,88	47	63	63	76	76
11,88	66	64	64	77	77
11,89	62	64	64	77	77
11,90	72	64	64	78	78
11,91	66	64	64	78	78
11,92	78	65	65	79	79
11,92	76	65	65	79	79
11,93	58	65	65	80	80
11,94	57	65	65	80	80
11,95	71	66	66	81	81
11,96	57	66	66	81	81
11,96	76	66	66	82	82
11,97	69	66	66	82	82
11,98	76	67	67	83	83
11,99	64	67	67	83	83
12,00	84	67	67	83	83
12,00	64	67	67	84	84
12,01	65	68	68	84	84
12,02	84	68	68	85	85
12,03	99	68	68	85	85
12,03	76	68	68	86	86
12,04	64	68	68	86	86
12,05	80	69	69	87	87
12,06	79	69	69	87	87
12,07	63	69	69	88	88
12,07	76	69	69	88	88
12,08	63	70	70	88	88
12,09	97	70	70	89	89
12,10	73	70	70	89	89
12,11	82	70	70	90	90
12,11	68	71	71	90	90
12,12	110	71	71	90	90
12,13	75	71	71	91	91
12,14	87	71	71	91	91
12,15	78	71	71	92	92
12,15	103	72	72	92	92
12,16	91	72	72	92	92
12,17	86	72	72	93	93
12,18	94	72	72	93	93
12,19	80	72	72	94	94
12,19	72	73	73	94	94
12,20	89	73	73	94	94
12,21	77	73	73	95	95
12,22	94	73	73	95	95
12,23	97	73	73	95	95
12,23	93	74	74	96	96
12,24	100	74	74	96	96
12,25	87	74	74	96	96
12,26	79	74	74	97	97
12,27	92	74	74	97	97
12,27	88	75	75	97	97
12,28	103	75	75	98	98
12,29	79	75	75	98	98
12,30	78	75	75	98	98
12,31	96	75	75	99	99
12,31	108	75	75	99	99
12,32	64	76	76	99	99
12,33	99	76	76	100	100
12,34	90	76	76	100	100
12,35	101	76	76	100	100
12,35	96	76	76	100	100
12,36	98	76	76	101	101
12,37	102	77	77	101	101
12,38	117	77	77	101	101
12,39	60	77	77	101	101
12,39	108	77	77	102	102
12,40	98	77	77	102	102
12,41	110	77	77	102	102
12,42	100	77	77	102	102
12,43	84	78	78	103	103
12,43	120	78	78	103	103
12,44	104	78	78	103	103
12,45	89	78	78	103	103
12,46	121	78	78	103	103
12,46	93	78	78	103	103
12,47	129	78	78	104	104
12,48	134	79	79	104	104
12,49	116	79	79	104	104
12,50	113	79	79	104	104
12,50	98	79	79	104	104
12,51	100	79	79	104	104
12,52	117	79	79	105	105
12,53	95	79	79	105	105
12,54	136	79	79	105	105
12,54	114	79	79	105	105
12,55	83	80	80	105	105
12,56	134	80	80	105	105
12,57	121	80	80	105	105
12,58	109	80	80	105	105
12,58	113	80	80	105	105
12,59	106	80	80	105	105
12,60	134	80	80	106	106
12,61	104	80	80	106	106
12,62	105	80	80	106	106
12,62	125	80	80	106	106
12,63	134	80	80	106	106
12,64	83	81	81	106	106
12,65	139	81	81	106	106
12,66	113	81	81	106	106
12,66	117	81	81	106	106
12,67	127	81	81	106	106
12,68	85	81	81	106	106
12,69	123	81	81	106	106
12,70	117	81	81	106	106
12,70	81	81	81	106	106
12,71	126	81	81	106	106
12,72	91	81	81	106	106
12,73	103	81	81	106	106
12,74	118	81	81	106	106
12,74	119	81	81	105	105
12,75	124	81	81	105	105
12,76	98	81	81	105	105
12,77	114	81	81	105	105
12,78	115	81	81	105	105
12,78	106	81	81	105	105
12,79	121	81	81	105	105
12,80	135	81	81	105	105
12,81	90	82	82	105	105
12,82	141	82	82	105	105
12,82	122	82	82	105	105
12,83	70	82	82	104	104
12,84	133	82	82	104	104
12,85	102	82	82	104	104
12,85	116	82	82	104	104
12,86	116	82	82	104	104
12,87	98	82	82	104	104
12,88	99	82	82	103	103
12,89	105	82	82	103	103
12,89	78	82	82	103	103
12,90	118	82	82	103	103
12,91	107	82	82	103	103
12,92	109	82	82	102	102
12,93	135	82	82	102	102
12,93	94	81	81	102	102
12,94	107	81	81	102	102
12,95	94	81	81	102	102
12,96	108	81	81	101	101
12,97	146	81	81	101	101
12,97	96	81	81	101	101
12,98	116	81	81	101	101
12,99	119	81	81	100	100
13,00	113	81	81	100	100
13,01	109	81	81	100	100
13,01	104	81	81	99	99
13,02	92	81	81	99	99
13,03	108	81	81	99	99
13,04	118	81	81	99	99
13,05	130	81	81	98	98
13,05	123	81	81	98	98
13,06	82	81	81	98	98
13,07	136	81	81	97	97
13,08	76	81	81	97	97
13,09	83	81	81	97	97
13,09	135	80	80	96	96
13,10	74	80	80	96	96
13,11	112	80	80	96	96
13,12	101	80	80	95	95
13,13	95	80	80	95	95
13,13	108	80	80	95	95
13,14	131	80	80	94	94
13,15	70	80	80	94	94
13,16	107	80	80	94	94
13,17	98	80	80	93	93
13,17	94	80	80	93	93
13,18	111	79	79	92	92
13,19	92	79	79	92	92
13,20	114	79	79	92	92
13,21	87	79	79	91	91
13,21	80	79	79	91	91
13,22	108	79	79	90	90
13,23	67	79	79	90	90
13,24	83	79	79	90	90
13,25	105	79	79	89	89
13,25	95	78	78	89	89
13,26	87	78	78	88	88
13,27	118	78	78	88	88
13,28	63	78	78	87	87
13,28	74	78	78	87	87
13,29	90	78	78	87	87
13,30	105	78	78	86	86
13,31	78	78	78	86	86
13,32	77	77	77	85	85
13,32	109	77	77	85	85
13,33	80	77	77	84	84
13,34	62	77	77	84	84
13,35	89	77	77	83	83
13,36	66	77	77	83	83
13,36	95	76	76	82	82
13,37	78	76	76	82	82
13,38	91	76	76	81	81
13,39	86	76	76	81	81
13,40	128	76	76	80	80
13,40	51	76	76	80	80
13,41	77	75	75	80	80
13,42	88	75	75	79	79
13,43	80	75	75	79	79
13,44	74	75	75	78	78
13,44	80	75	75	78	78
13,45	88	75	75	77	77
13,46	75	74	74	77	77
13,47	63	74	74	76	76
13,48	87	74	74	76	76
13,48	61	74	74	75	75
13,49	89	74	74	75	75
13,50	77	73	73	74	74
13,51	76	73	73	74	74
13,52	79	73	73	73	73
13,52	73	73	73	73	73
13,53	39	73	73	72	72
13,54	68	73	73	71	71
13,55	78	72	72	71	71
13,56	65	72	72	70	70
13,56	64	72	72	70	70
13,57	40	72	72	69	69
13,58	75	71	71	69	69
13,59	61	71	71	68	68
13,60	76	71	71	68	68
13,60	74	71	71	67	67
13,61	44	71	71	67	67
13,62	69	70	70	66	66
13,63	70	70	70	66	66
13,64	53	70	70	65	65
13,64	75	70	70	65	65
13,65	79	70	70	64	64
13,66	46	69	69	64	64
13,67	57	69	69	63	63
13,68	59	69	69	63	63
13,68	53	69	69	62	62
13,69	74	68	68	62	62
13,70	48	68	68	61	61
13,71	80	68	68	61	61
13,71	53	68	68	60	60
13,72	36	67	67	60	60
13,73	55	67	67	59	59
13,74	56	67	67	59	59
13,75	47	67	67	58	58
13,75	62	66	66	57	57
13,76	59	66	66	57	57
13,77	45	66	66	56	56
13,78	48	66	66	56	56
13,79	37	65	65	55	55
13,79	43	65	65	55	55
13,80	51	65	65	54	54
13,81	48	65	65	54	54
13,82	47	64	64	53	53
13,83	42	64	64	53	53
13,83	69	64	64	52	52
13,84	37	64	64	52	52
13,85	27	63	63	51	51
13,86	59	63	63	51	51
13,87	35	63	63	50	50
13,87	43	63	63	50	50
13,88	32	62	62	49	49
13,89	49	62	62	49	49
13,90	57	62	62	48	48
13,91	57	62	62	48	48
13,91	41	61	61	47	47
13,92	25	61	61	47	47
13,93	40	61	61	46	46
13,94	31	61	61	46	46
13,95	55	60	60	45	45
13,95	32	60	60	45	45
13,96	42	60	60	45	45
13,97	37	59	59	44	44
13,98	42	59	59	44	44
13,99	50	59	59	43	43
13,99	38	59	59	43	43
14,00	31	58	58	42	42
14,01	25	58	58	42	42
14,02	31	58	58	41	41
14,03	38	58	58	41	41
14,03	47	57	57	40	40
14,04	30	57	57	40	40
14,05	25	57	57	39	39
14,06	32	56	56	39	39
14,07	41	56	56	39	39
14,07	35	56	56	38	38
14,08	30	56	56	38	38
14,09	42	55	55	37	37
14,10	26	55	55	37	37
14,11	27	55	55	36	36
14,11	34	55	55	36	36
14,12	29	54	54	35	35
14,13	41	54	54	35	35
14,14	40	54	54	35	35
14,14	31	53	53	34	34
14,15	21	53	53	34	34
14,16	25	53	53	33	33
14,17	18	53	53	33	33
14,18	32	52	52	33	33
14,18	41	52	52	32	32
14,19	20	52	52	32	32
14,20	31	51	51	31	31
14,21	32	51	51	31	31
14,22	31	51	51	31	31
14,22	22	51	51	30	30
14,23	15	50	50	30	30
14,24	33	50	50	29	29
14,25	24	50	50	29	29
14,26	17	49	49	29	29
14,26	44	49	49	28	28
14,27	17	49	49	28	28
14,28	17	49	49	28	28
14,29	26	48	48	27	27
14,30	27	48	48	27	27
14,30	23	48	48	26	26
14,31	19	47	47	26	26
14,32	24	47	47	26	26
14,33	14	47	47	25	25
14,34	22	47	47	25	25
14,34	28	46	46	25	25
14,35	23	46	46	24	24
14,36	15	46	46	24	24
14,37	28	45	45	24	24
14,38	18	45	45	23	23
14,38	25	45	45	23	23
14,39	17	45	45	23	23
14,40	19	44	44	22	22
14,41	20	44	44	22	22
14,42	14	44	44	22	22
14,42	18	43	43	21	21
14,43	19	43	43	21	21
14,44	19	43	43	21	21
14,45	23	43	43	21	21
14,46	15	42	42	20	20
14,46	18	42	42	20	20
14,47	19	42	42	20	20
14,48	11	42	42	19	19
14,49	16	41	41	19	19
14,50	19	41	41	19	19
14,50	12	41	41	19	19
14,51	17	40	40	18	18
14,52	19	40	40	18	18
14,53	11	40	40	18	18
14,54	17	40	40	17	17
14,54	15	39	39	17	17
14,55	20	39	39	17	17
14,56	23	39	39	17	17
14,57	13	39	39	16	16
14,57	26	38	38	16	16
14,58	16	38	38	16	16
14,59	17	38	38	16	16
14,60	20	37	37	15	15
14,61	14	37	37	15	15
14,61	14	37	37	15	15
14,62	13	37	37	15	15
14,63	11	36	36	14	14
14,64	14	36	36	14	14
14,65	15	36	36	14	14
14,65	14	36	36	14	14
14,66	15	35	35	13	13
14,67	14	35	35	13	13
14,68	13	35	35	13	13
14,69	13	35	35	13	13
14,69	7	34	34	13	13
14,70	16	34	34	12	12
14,71	20	34	34	12	12
14,72	14	34	34	12	12
14,73	13	33	33	12	12
14,73	15	33	33	12	12
14,74	8	33	33	11	11
14,75	14	33	33	11	11
14,76	11	32	32	11	11
14,77	11	32	32	11	11
14,77	16	32	32	11	11
14,78	10	32	32	10	10
14,79	14	31	31	10	10
14,80	7	31	31	10	10
14,81	11	31	31	10	10
14,81	6	31	31	10	10
14,82	20	30	30	10	10
14,83	15	30	30	9	9
14,84	8	30	30	9	9
14,85	11	30	30	9	9
14,85	14	29	29	9	9
14,86	9	29	29	9	9
14,87	7	29	29	9	9
14,88	9	29	29	8	8
14,89	7	28	28	8	8
14,89	11	28	28	8	8
14,90	11	28	28	8	8
14,91	7	28	28	8	8
14,92	14	27	27	8	8
14,93	10	27	27	8	8
14,93	9	27	27	7	7
14,94	7	27	27	7	7
14,95	5	26	26	7	7
14,96	4	26	26	7	7
14,97	8	26	26	7	7
14,97	6	26	26	7	7
14,98	9	26	26	7	7
14,99	5	25	25	6	6
15,00	15	25	25	6	6
15,00	7	25	25	6	6
15,01	6	25	25	6	6
15,02	7	24	24	6	6
15,03	10	24	24	6	6
15,04	7	24	24	6	6
15,04	8	24	24	6	6
15,05	4	24	24	6	6
15,06	5	23	23	5	5
15,07	4	23	23	5	5
15,08	6	23	23	5	5
15,08	4	23	23	5	5
15,09	2	23	23	5	5
15,10	4	22	22	5	5
15,11	6	22	22	5	5
15,12	7	22	22	5	5
15,12	3	22	22	5	5
15,13	8	22	22	5	5
15,14	4	21	21	4	4
15,15	9	21	21	4	4
15,16	6	21	21	4	4
15,16	2	21	21	4	4
15,17	3	21	21	4	4
15,18	4	20	20	4	4
15,19	4	20	20	4	4
15,20	6	20	20	4	4
15,20	5	20	20	4	4
15,21	5	20	20	4	4
15,22	7	19	19	4	4
15,23	3	19	19	4	4
