Energie	Impulse
E/keV	Impulse/#

3,21	0
3,22	0
3,23	0
3,24	0
3,24	0
3,25	0
3,26	0
3,27	0
3,28	0
3,28	0
3,29	0
3,30	0
3,31	0
3,32	0
3,32	0
3,33	0
3,34	0
3,35	0
3,36	0
3,36	0
3,37	0
3,38	0
3,39	0
3,40	0
3,40	0
3,41	0
3,42	0
3,43	0
3,44	0
3,44	0
3,45	0
3,46	0
3,47	0
3,48	0
3,48	0
3,49	0
3,50	0
3,51	0
3,51	0
3,52	0
3,53	0
3,54	0
3,55	0
3,55	0
3,56	0
3,57	0
3,58	0
3,59	0
3,59	0
3,60	0
3,61	0
3,62	0
3,63	0
3,63	0
3,64	0
3,65	0
3,66	0
3,67	0
3,67	0
3,68	0
3,69	0
3,70	0
3,71	0
3,71	0
3,72	1
3,73	0
3,74	0
3,75	0
3,75	0
3,76	0
3,77	0
3,78	0
3,79	0
3,79	0
3,80	0
3,81	0
3,82	0
3,83	0
3,83	0
3,84	0
3,85	4
3,86	1
3,87	0
3,87	2
3,88	1
3,89	2
3,90	1
3,91	1
3,91	1
3,92	1
3,93	1
3,94	1
3,94	0
3,95	1
3,96	3
3,97	1
3,98	1
3,98	1
3,99	0
4,00	3
4,01	0
4,02	0
4,02	1
4,03	0
4,04	1
4,05	0
4,06	2
4,06	1
4,07	0
4,08	0
4,09	0
4,10	0
4,10	2
4,11	2
4,12	1
4,13	2
4,14	1
4,14	2
4,15	2
4,16	2
4,17	1
4,18	0
4,18	0
4,19	0
4,20	1
4,21	0
4,22	3
4,22	1
4,23	1
4,24	1
4,25	1
4,26	2
4,26	1
4,27	1
4,28	1
4,29	1
4,30	3
4,30	2
4,31	2
4,32	0
4,33	2
4,34	0
4,34	1
4,35	0
4,36	0
4,37	1
4,37	4
4,38	3
4,39	2
4,40	0
4,41	2
4,41	2
4,42	1
4,43	3
4,44	1
4,45	1
4,45	3
4,46	2
4,47	1
4,48	1
4,49	2
4,49	2
4,50	1
4,51	4
4,52	1
4,53	2
4,53	2
4,54	2
4,55	0
4,56	0
4,57	2
4,57	1
4,58	1
4,59	1
4,60	0
4,61	1
4,61	0
4,62	1
4,63	1
4,64	2
4,65	1
4,65	2
4,66	3
4,67	0
4,68	2
4,69	0
4,69	0
4,70	0
4,71	1
4,72	1
4,73	0
4,73	2
4,74	0
4,75	0
4,76	1
4,77	1
4,77	4
4,78	2
4,79	1
4,80	2
4,80	3
4,81	1
4,82	3
4,83	1
4,84	1
4,84	0
4,85	1
4,86	1
4,87	2
4,88	2
4,88	3
4,89	2
4,90	1
4,91	1
4,92	4
4,92	0
4,93	1
4,94	1
4,95	0
4,96	0
4,96	2
4,97	1
4,98	2
4,99	0
5,00	0
5,00	1
5,01	1
5,02	2
5,03	2
5,04	1
5,04	1
5,05	3
5,06	1
5,07	2
5,08	2
5,08	3
5,09	4
5,10	2
5,11	1
5,12	1
5,12	0
5,13	1
5,14	2
5,15	3
5,16	1
5,16	3
5,17	1
5,18	2
5,19	2
5,20	2
5,20	1
5,21	2
5,22	0
5,23	3
5,23	1
5,24	2
5,25	1
5,26	3
5,27	1
5,27	1
5,28	1
5,29	1
5,30	3
5,31	2
5,31	1
5,32	2
5,33	2
5,34	3
5,35	1
5,35	2
5,36	3
5,37	3
5,38	1
5,39	1
5,39	0
5,40	6
5,41	2
5,42	1
5,43	2
5,43	1
5,44	1
5,45	2
5,46	0
5,47	3
5,47	5
5,48	2
5,49	1
5,50	2
5,51	0
5,51	0
5,52	3
5,53	3
5,54	1
5,55	1
5,55	1
5,56	1
5,57	0
5,58	1
5,59	1
5,59	2
5,60	1
5,61	1
5,62	1
5,63	3
5,63	0
5,64	1
5,65	1
5,66	0
5,66	0
5,67	3
5,68	1
5,69	0
5,70	1
5,70	0
5,71	0
5,72	2
5,73	3
5,74	1
5,74	1
5,75	4
5,76	1
5,77	0
5,78	2
5,78	0
5,79	2
5,80	0
5,81	5
5,82	1
5,82	0
5,83	2
5,84	2
5,85	0
5,86	0
5,86	1
5,87	2
5,88	3
5,89	1
5,90	3
5,90	0
5,91	2
5,92	2
5,93	0
5,94	2
5,94	3
5,95	1
5,96	3
5,97	1
5,98	3
5,98	3
5,99	1
6,00	1
6,01	1
6,02	2
6,02	0
6,03	2
6,04	2
6,05	2
6,06	4
6,06	1
6,07	0
6,08	3
6,09	1
6,09	2
6,10	2
6,11	2
6,12	2
6,13	0
6,13	0
6,14	0
6,15	1
6,16	1
6,17	2
6,17	4
6,18	2
6,19	2
6,20	2
6,21	2
6,21	1
6,22	2
6,23	0
6,24	1
6,25	1
6,25	0
6,26	3
6,27	2
6,28	0
6,29	2
6,29	3
6,30	0
6,31	0
6,32	2
6,33	1
6,33	2
6,34	1
6,35	1
6,36	3
6,37	2
6,37	1
6,38	0
6,39	2
6,40	4
6,41	0
6,41	2
6,42	2
6,43	4
6,44	1
6,45	1
6,45	1
6,46	1
6,47	5
6,48	1
6,49	1
6,49	2
6,50	1
6,51	2
6,52	3
6,52	3
6,53	2
6,54	0
6,55	1
6,56	1
6,56	2
6,57	2
6,58	1
6,59	0
6,60	2
6,60	0
6,61	1
6,62	3
6,63	1
6,64	2
6,64	0
6,65	2
6,66	2
6,67	1
6,68	4
6,68	3
6,69	1
6,70	0
6,71	1
6,72	1
6,72	3
6,73	2
6,74	1
6,75	5
6,76	4
6,76	0
6,77	5
6,78	1
6,79	1
6,80	2
6,80	2
6,81	1
6,82	4
6,83	2
6,84	1
6,84	3
6,85	1
6,86	1
6,87	2
6,88	1
6,88	1
6,89	0
6,90	2
6,91	1
6,91	1
6,92	1
6,93	3
6,94	3
6,95	2
6,95	1
6,96	2
6,97	0
6,98	4
6,99	3
6,99	6
7,00	1
7,01	1
7,02	0
7,03	4
7,03	0
7,04	3
7,05	3
7,06	1
7,07	3
7,07	0
7,08	2
7,09	3
7,10	1
7,11	3
7,11	2
7,12	1
7,13	3
7,14	1
7,15	1
7,15	2
7,16	2
7,17	2
7,18	4
7,19	0
7,19	2
7,20	3
7,21	2
7,22	2
7,23	2
7,23	1
7,24	2
7,25	0
7,26	2
7,27	0
7,27	3
7,28	4
7,29	1
7,30	0
7,31	0
7,31	1
7,32	1
7,33	3
7,34	3
7,34	2
7,35	1
7,36	2
7,37	2
7,38	2
7,38	4
7,39	1
7,40	2
7,41	1
7,42	2
7,42	5
7,43	2
7,44	2
7,45	1
7,46	1
7,46	3
7,47	2
7,48	3
7,49	2
7,50	5
7,50	1
7,51	4
7,52	5
7,53	2
7,54	4
7,54	1
7,55	3
7,56	2
7,57	1
7,58	2
7,58	1
7,59	3
7,60	2
7,61	0
7,62	3
7,62	1
7,63	3
7,64	0
7,65	3
7,66	2
7,66	1
7,67	3
7,68	2
7,69	1
7,70	0
7,70	0
7,71	2
7,72	2
7,73	1
7,74	3
7,74	5
7,75	1
7,76	1
7,77	1
7,77	5
7,78	2
7,79	1
7,80	3
7,81	3
7,81	3
7,82	0
7,83	2
7,84	1
7,85	2
7,85	2
7,86	2
7,87	2
7,88	2
7,89	5
7,89	3
7,90	0
7,91	5
7,92	1
7,93	2
7,93	3
7,94	1
7,95	0
7,96	4
7,97	6
7,97	3
7,98	3
7,99	1
8,00	5
8,01	5
8,01	4
8,02	4
8,03	2
8,04	3
8,05	1
8,05	4
8,06	2
8,07	4
8,08	1
8,09	7
8,09	3
8,10	0
8,11	2
8,12	7
8,13	4
8,13	6
8,14	1
8,15	3
8,16	3
8,17	2
8,17	1
8,18	5
8,19	5
8,20	6
8,20	1
8,21	2
8,22	0
8,23	5
8,24	1
8,24	3
8,25	1
8,26	1
8,27	3
8,28	7
8,28	5
8,29	0
8,30	3
8,31	3
8,32	1
8,32	0
8,33	1
8,34	0
8,35	2
8,36	4
8,36	1
8,37	2
8,38	5
8,39	2
8,40	1
8,40	3
8,41	3
8,42	1
8,43	1
8,44	1
8,44	0
8,45	1
8,46	3
8,47	3
8,48	1
8,48	2
8,49	4
8,50	1
8,51	3
8,52	2
8,52	0
8,53	3
8,54	3
8,55	3
8,56	3
8,56	1
8,57	1
8,58	3
8,59	2
8,60	4
8,60	4
8,61	1
8,62	2
8,63	2
8,63	4
8,64	2
8,65	2
8,66	1
8,67	2
8,67	3
8,68	1
8,69	2
8,70	2
8,71	5
8,71	5
8,72	4
8,73	1
8,74	2
8,75	0
8,75	1
8,76	0
8,77	5
8,78	1
8,79	6
8,79	3
8,80	3
8,81	4
8,82	4
8,83	5
8,83	2
8,84	2
8,85	2
8,86	0
8,87	4
8,87	3
8,88	3
8,89	3
8,90	1
8,91	4
8,91	4
8,92	2
8,93	2
8,94	0
8,95	1
8,95	7
8,96	1
8,97	1
8,98	2
8,99	1
8,99	6
9,00	2
9,01	2
9,02	1
9,03	1
9,03	2
9,04	2
9,05	4
9,06	3
9,06	3
9,07	3
9,08	3
9,09	0
9,10	1
9,10	3
9,11	0
9,12	3
9,13	3
9,14	3
9,14	0
9,15	1
9,16	3
9,17	3
9,18	2
9,18	3
9,19	0
9,20	4
9,21	2
9,22	3
9,22	3
9,23	2
9,24	2
9,25	2
9,26	2
9,26	1
9,27	1
9,28	4
9,29	3
9,30	1
9,30	4
9,31	3
9,32	3
9,33	3
9,34	3
9,34	1
9,35	2
9,36	3
9,37	2
9,38	3
9,38	2
9,39	3
9,40	1
9,41	2
9,42	1
9,42	0
9,43	1
9,44	1
9,45	1
9,46	0
9,46	2
9,47	4
9,48	6
9,49	2
9,49	1
9,50	1
9,51	0
9,52	3
9,53	2
9,53	2
9,54	3
9,55	2
9,56	3
9,57	0
9,57	5
9,58	2
9,59	0
9,60	3
9,61	0
9,61	0
9,62	1
9,63	1
9,64	3
9,65	3
9,65	2
9,66	1
9,67	2
9,68	3
9,69	4
9,69	2
9,70	1
9,71	1
9,72	3
9,73	3
9,73	4
9,74	1
9,75	4
9,76	1
9,77	3
9,77	2
9,78	0
9,79	3
9,80	0
9,81	0
9,81	0
9,82	2
9,83	2
9,84	1
9,85	2
9,85	2
9,86	0
9,87	0
9,88	0
9,88	1
9,89	1
9,90	2
9,91	1
9,92	1
9,92	2
9,93	1
9,94	3
9,95	1
9,96	3
9,96	4
9,97	0
9,98	1
9,99	0
10,00	4
10,00	4
10,01	4
10,02	3
10,03	2
10,04	3
10,04	2
10,05	4
10,06	2
10,07	5
10,08	1
10,08	1
10,09	0
10,10	4
10,11	1
10,12	0
10,12	3
10,13	1
10,14	5
10,15	2
10,16	1
10,16	6
10,17	1
10,18	3
10,19	2
10,20	0
10,20	2
10,21	3
10,22	2
10,23	0
10,24	0
10,24	0
10,25	1
10,26	2
10,27	1
10,28	0
10,28	2
10,29	4
10,30	2
10,31	3
10,31	1
10,32	1
10,33	4
10,34	1
10,35	1
10,35	3
10,36	1
10,37	3
10,38	3
10,39	2
10,39	2
10,40	1
10,41	1
10,42	2
10,43	0
10,43	1
10,44	0
10,45	2
10,46	5
10,47	1
10,47	2
10,48	7
10,49	1
10,50	3
10,51	1
10,51	3
10,52	7
10,53	1
10,54	3
10,55	3
10,55	4
10,56	2
10,57	2
10,58	2
10,59	3
10,59	3
10,60	2
10,61	5
10,62	0
10,63	2
10,63	0
10,64	2
10,65	5
10,66	3
10,67	0
10,67	2
10,68	1
10,69	2
10,70	2
10,71	2
10,71	3
10,72	2
10,73	0
10,74	4
10,74	0
10,75	3
10,76	2
10,77	3
10,78	2
10,78	1
10,79	0
10,80	4
10,81	2
10,82	4
10,82	0
10,83	1
10,84	2
10,85	2
10,86	0
10,86	2
10,87	3
10,88	3
10,89	3
10,90	1
10,90	0
10,91	1
10,92	1
10,93	3
10,94	2
10,94	1
10,95	5
10,96	2
10,97	1
10,98	0
10,98	3
10,99	2
11,00	0
11,01	2
11,02	1
11,02	3
11,03	3
11,04	1
11,05	3
11,06	2
11,06	3
11,07	2
11,08	2
11,09	4
11,10	5
11,10	3
11,11	0
11,12	1
11,13	2
11,14	1
11,14	2
11,15	1
11,16	1
11,17	3
11,17	3
11,18	2
11,19	4
11,20	0
11,21	5
11,21	1
11,22	1
11,23	4
11,24	4
11,25	2
11,25	3
11,26	4
11,27	1
11,28	1
11,29	4
11,29	2
11,30	1
11,31	3
11,32	1
11,33	3
11,33	4
11,34	3
11,35	2
11,36	7
11,37	1
11,37	3
11,38	0
11,39	0
11,40	6
11,41	2
11,41	3
11,42	2
11,43	1
11,44	3
11,45	4
11,45	2
11,46	2
11,47	3
11,48	2
11,49	9
11,49	3
11,50	4
11,51	8
11,52	1
11,53	2
11,53	1
11,54	3
11,55	6
11,56	4
11,57	5
11,57	2
11,58	3
11,59	4
11,60	5
11,60	2
11,61	3
11,62	4
11,63	2
11,64	3
11,64	3
11,65	5
11,66	0
11,67	4
11,68	7
11,68	3
11,69	7
11,70	6
11,71	3
11,72	7
11,72	2
11,73	6
11,74	5
11,75	0
11,76	3
11,76	3
11,77	4
11,78	8
11,79	3
11,80	7
11,80	6
11,81	1
11,82	2
11,83	0
11,84	3
11,84	4
11,85	4
11,86	2
11,87	3
11,88	3
11,88	4
11,89	4
11,90	5
11,91	2
11,92	4
11,92	4
11,93	3
11,94	3
11,95	4
11,96	3
11,96	6
11,97	3
11,98	0
11,99	3
12,00	5
12,00	3
12,01	2
12,02	3
12,03	5
12,03	3
12,04	8
12,05	5
12,06	3
12,07	2
12,07	7
12,08	1
12,09	5
12,10	3
12,11	1
12,11	5
12,12	6
12,13	4
12,14	4
12,15	9
12,15	5
12,16	13
12,17	0
12,18	3
12,19	3
12,19	6
12,20	2
12,21	2
12,22	3
12,23	7
12,23	5
12,24	7
12,25	8
12,26	3
12,27	6
12,27	7
12,28	4
12,29	8
12,30	1
12,31	6
12,31	6
12,32	2
12,33	7
12,34	1
12,35	5
12,35	1
12,36	4
12,37	2
12,38	2
12,39	4
12,39	6
12,40	4
12,41	7
12,42	5
12,43	7
12,43	10
12,44	3
12,45	1
12,46	5
12,46	6
12,47	7
12,48	7
12,49	2
12,50	1
12,50	5
12,51	2
12,52	2
12,53	7
12,54	3
12,54	4
12,55	4
12,56	3
12,57	1
12,58	1
12,58	4
12,59	3
12,60	2
12,61	5
12,62	13
12,62	7
12,63	10
12,64	5
12,65	3
12,66	5
12,66	3
12,67	2
12,68	2
12,69	5
12,70	5
12,70	5
12,71	2
12,72	2
12,73	6
12,74	2
12,74	7
12,75	6
12,76	4
12,77	5
12,78	6
12,78	5
12,79	8
12,80	2
12,81	1
12,82	7
12,82	4
12,83	5
12,84	2
12,85	7
12,85	7
12,86	5
12,87	3
12,88	5
12,89	7
12,89	5
12,90	4
12,91	7
12,92	4
12,93	6
12,93	8
12,94	8
12,95	5
12,96	5
12,97	4
12,97	5
12,98	3
12,99	4
13,00	7
13,01	6
13,01	2
13,02	2
13,03	3
13,04	3
13,05	6
13,05	1
13,06	6
13,07	8
13,08	0
13,09	7
13,09	6
13,10	3
13,11	9
13,12	5
13,13	2
13,13	2
13,14	5
13,15	2
13,16	6
13,17	7
13,17	2
13,18	6
13,19	2
13,20	4
13,21	6
13,21	3
13,22	8
13,23	0
13,24	7
13,25	8
13,25	7
13,26	5
13,27	3
13,28	9
13,28	4
13,29	6
13,30	7
13,31	3
13,32	3
13,32	7
13,33	4
13,34	4
13,35	5
13,36	2
13,36	4
13,37	6
13,38	5
13,39	6
13,40	5
13,40	5
13,41	7
13,42	2
13,43	2
13,44	4
13,44	3
13,45	11
13,46	10
13,47	5
13,48	7
13,48	0
13,49	5
13,50	3
13,51	6
13,52	10
13,52	8
13,53	5
13,54	3
13,55	5
13,56	10
13,56	1
13,57	5
13,58	8
13,59	5
13,60	5
13,60	6
13,61	4
13,62	9
13,63	8
13,64	2
13,64	9
13,65	9
13,66	11
13,67	6
13,68	8
13,68	9
13,69	9
13,70	7
13,71	8
13,71	5
13,72	9
13,73	7
13,74	8
13,75	8
13,75	17
13,76	10
13,77	10
13,78	10
13,79	2
13,79	9
13,80	12
13,81	13
13,82	10
13,83	12
13,83	17
13,84	15
13,85	4
13,86	13
13,87	10
13,87	13
13,88	12
13,89	12
13,90	17
13,91	23
13,91	6
13,92	18
13,93	14
13,94	11
13,95	14
13,95	15
13,96	19
13,97	14
13,98	19
13,99	14
13,99	21
14,00	12
14,01	29
14,02	18
14,03	27
14,03	19
14,04	21
14,05	23
14,06	26
14,07	32
14,07	20
14,08	18
14,09	40
14,10	25
14,11	19
14,11	20
14,12	28
14,13	34
14,14	35
14,14	36
14,15	38
14,16	31
14,17	23
14,18	29
14,18	36
14,19	33
14,20	29
14,21	26
14,22	45
14,22	51
14,23	26
14,24	58
14,25	38
14,26	41
14,26	43
14,27	54
14,28	57
14,29	37
14,30	41
14,30	35
14,31	42
14,32	44
14,33	43
14,34	36
14,34	64
14,35	43
14,36	32
14,37	57
14,38	55
14,38	44
14,39	60
14,40	52
14,41	58
14,42	67
14,42	56
14,43	76
14,44	67
14,45	47
14,46	62
14,46	49
14,47	76
14,48	55
14,49	58
14,50	72
14,50	59
14,51	72
14,52	78
14,53	71
14,54	75
14,54	75
14,55	68
14,56	86
14,57	68
14,57	93
14,58	72
14,59	69
14,60	95
14,61	71
14,61	71
14,62	90
14,63	85
14,64	90
14,65	101
14,65	83
14,66	85
14,67	132
14,68	73
14,69	88
14,69	99
14,70	96
14,71	128
14,72	90
14,73	117
14,73	103
14,74	89
14,75	116
14,76	97
14,77	99
14,77	123
14,78	120
14,79	104
14,80	89
14,81	124
14,81	109
14,82	146
14,83	140
14,84	109
14,85	116
14,85	136
14,86	135
14,87	106
14,88	175
14,89	123
14,89	168
14,90	160
14,91	159
14,92	151
14,93	156
14,93	115
14,94	153
14,95	159
14,96	132
14,97	191
14,97	130
14,98	168
14,99	142
15,00	149
15,00	169
15,01	146
15,02	157
15,03	186
15,04	163
15,04	180
15,05	173
15,06	151
15,07	158
15,08	190
15,08	186
15,09	179
15,10	132
15,11	202
15,12	169
15,12	177
15,13	198
15,14	166
15,15	217
15,16	197
15,16	225
15,17	168
15,18	235
15,19	169
15,20	176
15,20	203
15,21	190
15,22	218
15,23	180
15,24	213
15,24	181
15,25	174
15,26	249
15,27	144
15,28	230
15,28	279
15,29	238
15,30	225
15,31	210
15,32	194
15,32	209
15,33	226
15,34	231
15,35	227
15,36	196
15,36	286
15,37	213
15,38	177
15,39	275
15,40	193
15,40	246
15,41	234
15,42	232
15,43	222
15,43	240
15,44	190
15,45	265
15,46	258
15,47	222
15,47	278
15,48	219
15,49	260
15,50	213
15,51	218
15,51	313
15,52	238
15,53	226
15,54	272
15,55	246
15,55	231
15,56	219
15,57	225
15,58	255
15,59	230
15,59	250
15,60	225
15,61	203
15,62	274
15,63	191
15,63	230
15,64	262
15,65	217
15,66	294
15,67	245
15,67	239
15,68	249
15,69	266
15,70	202
15,71	231
15,71	235
15,72	241
15,73	265
15,74	228
15,75	255
15,75	245
15,76	181
15,77	281
15,78	201
15,79	243
15,79	232
15,80	236
15,81	241
15,82	194
15,83	226
15,83	210
15,84	239
15,85	264
15,86	257
15,86	188
15,87	271
15,88	248
15,89	192
15,90	271
15,90	189
15,91	236
15,92	227
15,93	217
15,94	190
15,94	216
15,95	207
15,96	211
15,97	209
15,98	231
15,98	233
15,99	198
16,00	228
16,01	162
16,02	187
16,02	234
16,03	177
16,04	194
16,05	234
16,06	212
16,06	193
16,07	186
16,08	156
16,09	186
16,10	168
16,10	210
16,11	180
16,12	148
16,13	233
16,14	156
16,14	177
16,15	209
16,16	139
16,17	187
16,18	147
16,18	182
16,19	168
16,20	191
16,21	146
16,22	152
16,22	192
16,23	142
16,24	190
16,25	132
16,25	175
16,26	147
16,27	126
16,28	176
16,29	135
16,29	144
16,30	175
16,31	139
16,32	152
16,33	122
16,33	110
16,34	129
16,35	146
16,36	156
16,37	136
16,37	101
16,38	152
16,39	111
16,40	93
16,41	143
16,41	112
16,42	136
16,43	136
16,44	117
16,45	112
16,45	138
16,46	70
16,47	101
16,48	119
16,49	122
16,49	123
16,50	89
16,51	112
16,52	76
16,53	100
16,53	110
16,54	78
16,55	68
16,56	103
16,57	81
16,57	94
16,58	73
16,59	101
16,60	91
16,61	85
16,61	92
16,62	90
16,63	69
16,64	80
16,65	69
16,65	92
16,66	85
16,67	80
16,68	94
16,68	69
16,69	83
16,70	71
16,71	80
16,72	44
16,72	87
16,73	85
16,74	70
16,75	95
16,76	52
16,76	81
16,77	60
16,78	55
16,79	84
16,80	50
16,80	55
16,81	69
16,82	59
16,83	51
16,84	50
16,84	76
16,85	50
16,86	49
16,87	68
16,88	54
16,88	54
16,89	65
16,90	49
16,91	44
16,92	60
16,92	46
16,93	66
16,94	42
16,95	41
16,96	50
16,96	51
16,97	51
16,98	50
16,99	47
17,00	49
17,00	49
17,01	37
17,02	58
17,03	40
17,04	53
17,04	50
17,05	44
17,06	55
17,07	53
17,08	45
17,08	45
17,09	37
17,10	42
17,11	49
17,11	53
17,12	44
17,13	49
17,14	39
17,15	42
17,15	32
17,16	51
17,17	55
17,18	32
17,19	50
17,19	40
17,20	45
17,21	55
17,22	47
17,23	35
17,23	44
17,24	48
17,25	39
17,26	63
17,27	39
17,27	47
17,28	42
17,29	46
17,30	46
17,31	41
17,31	43
17,32	51
17,33	45
17,34	43
17,35	36
17,35	36
17,36	31
17,37	44
17,38	48
17,39	28
17,39	36
17,40	42
17,41	37
17,42	40
17,43	40
17,43	28
17,44	37
17,45	32
17,46	28
17,47	42
17,47	47
17,48	31
17,49	34
17,50	44
17,51	23
17,51	42
17,52	31
17,53	29
17,54	32
17,54	37
17,55	33
17,56	40
17,57	34
17,58	39
17,58	39
17,59	30
17,60	25
17,61	34
17,62	29
17,62	33
17,63	36
17,64	40
17,65	25
17,66	41
17,66	23
17,67	42
17,68	37
17,69	23
17,70	46
17,70	24
17,71	30
17,72	35
17,73	36
17,74	30
17,74	26
17,75	29
17,76	19
17,77	31
17,78	29
17,78	37
17,79	22
17,80	30
17,81	31
17,82	19
17,82	32
17,83	33
17,84	16
17,85	32
17,86	22
17,86	22
17,87	30
17,88	25
17,89	31
17,90	29
17,90	21
17,91	32
17,92	24
17,93	15
17,94	28
17,94	26
17,95	23
17,96	24
17,97	10
17,97	18
17,98	23
17,99	17
18,00	16
18,01	19
18,01	14
18,02	14
18,03	15
18,04	23
18,05	16
18,05	18
18,06	26
18,07	12
18,08	12
18,09	15
18,09	16
18,10	14
18,11	20
18,12	12
18,13	10
18,13	14
18,14	20
18,15	10
18,16	16
18,17	14
18,17	13
18,18	14
18,19	18
18,20	18
18,21	14
18,21	11
18,22	5
18,23	17
18,24	13
18,25	12
18,25	9
18,26	14
18,27	13
18,28	15
18,29	10
18,29	13
18,30	9
18,31	13
18,32	12
18,33	6
18,33	14
18,34	4
18,35	13
18,36	8
18,37	10
18,37	6
18,38	6
18,39	8
18,40	10
18,40	8
18,41	5
18,42	6
18,43	5
18,44	3
18,44	4
18,45	6
18,46	8
18,47	4
18,48	4
18,48	5
18,49	7
18,50	1
18,51	6
18,52	3
18,52	5
18,53	4
18,54	1
18,55	3
18,56	2
18,56	3
18,57	6
18,58	7
18,59	3
18,60	8
18,60	6
18,61	1
18,62	0
18,63	4
18,64	4
18,64	3
18,65	8
18,66	3
18,67	3
18,68	5
18,68	2
18,69	5
18,70	3
18,71	2
18,72	3
18,72	3
18,73	2
18,74	2
18,75	3
18,76	0
18,76	4
18,77	0
18,78	6
18,79	0
18,80	1
18,80	2
18,81	0
18,82	3
18,83	2
18,83	1
18,84	1
18,85	2
18,86	3
18,87	1
18,87	5
18,88	0
18,89	1
18,90	0
18,91	0
18,91	0
18,92	2
18,93	1
18,94	1
18,95	1
18,95	3
18,96	1
18,97	1
18,98	1
18,99	2
18,99	0
19,00	1
19,01	4
19,02	1
19,03	1
19,03	0
19,04	3
19,05	1
19,06	0
19,07	0
19,07	1
19,08	1
19,09	0
19,10	2
19,11	0
19,11	0
19,12	1
19,13	0
19,14	0
19,15	0
19,15	0
19,16	2
19,17	0
19,18	1
19,19	2
19,19	0
19,20	2
19,21	1
19,22	0
19,23	0
19,23	0
19,24	1
19,25	0
19,26	0
19,26	0
19,27	1
19,28	0
19,29	1
19,30	1
19,30	1
19,31	0
19,32	2
19,33	1
19,34	0
19,34	0
19,35	0
19,36	2
19,37	1
19,38	0
19,38	1
19,39	1
19,40	0
19,41	0
19,42	0
19,42	1
19,43	0
19,44	0
19,45	1
19,46	0
19,46	0
19,47	0
19,48	0
19,49	0
19,50	0
19,50	1
19,51	0
19,52	0
19,53	1
19,54	0
19,54	0
19,55	0
19,56	0
19,57	1
19,58	2
19,58	1
19,59	1
19,60	0
19,61	0
19,62	0
19,62	1
19,63	1
19,64	1
19,65	0
19,65	0
19,66	1
19,67	0
19,68	1
19,69	0
19,69	1
19,70	0
19,71	0
19,72	1
19,73	0
19,73	1
19,74	0
19,75	0
19,76	0
19,77	0
19,77	0
19,78	0
19,79	0
19,80	0
19,81	1
19,81	0
19,82	0
19,83	1
19,84	0
19,85	0
19,85	0
19,86	0
19,87	1
19,88	1
19,89	1
19,89	1
19,90	0
19,91	0
19,92	0
19,93	0
19,93	1
19,94	0
19,95	0
19,96	0
19,97	0
19,97	0
19,98	0
19,99	2
20,00	0
20,01	0
20,01	0
20,02	0
20,03	0
20,04	1
20,05	0
20,05	0
20,06	1
20,07	1
20,08	1
20,08	0
20,09	2
20,10	0
20,11	0
20,12	0
20,12	1
20,13	1
20,14	0
20,15	0
20,16	0
20,16	0
20,17	1
20,18	0
20,19	1
20,20	0
20,20	1
20,21	1
20,22	0
20,23	0
20,24	2
20,24	0
20,25	0
20,26	0
20,27	0
20,28	0
20,28	0
20,29	0
20,30	0
20,31	0
20,32	0
20,32	1
20,33	0
20,34	0
20,35	0
20,36	0
20,36	1
20,37	2
20,38	0
20,39	0
20,40	0
20,40	0
20,41	0
20,42	0
20,43	1
20,44	2
20,44	1
20,45	0
20,46	0
20,47	0
20,48	1
20,48	1
20,49	1
20,50	1
20,51	0
20,51	0
20,52	0
20,53	0
20,54	0
20,55	1
20,55	0
20,56	0
20,57	0
20,58	0
20,59	0
20,59	0
20,60	0
20,61	0
20,62	2
20,63	1
20,63	1
20,64	1
20,65	1
20,66	0
20,67	1
20,67	0
20,68	0
20,69	0
20,70	1
20,71	0
20,71	0
20,72	0
20,73	0
20,74	0
20,75	1
20,75	0
20,76	0
20,77	0
20,78	0
20,79	1
20,79	1
20,80	0
20,81	0
20,82	0
20,83	0
20,83	0
20,84	0
20,85	0
20,86	1
20,87	0
20,87	0
20,88	0
20,89	0
20,90	0
20,91	2
20,91	1
20,92	0
20,93	0
20,94	0
20,94	3
20,95	0
20,96	0
20,97	1
20,98	0
20,98	0
20,99	0
21,00	0
21,01	0
21,02	0
21,02	1
21,03	0
21,04	0
21,05	0
21,06	0
21,06	0
21,07	0
21,08	0
21,09	0
21,10	0
21,10	0
21,11	0
21,12	0
21,13	0
21,14	0
21,14	1
21,15	0
21,16	0
21,17	1
21,18	0
21,18	0
21,19	0
21,20	0
21,21	0
21,22	0
21,22	0
21,23	0
21,24	0
21,25	0
21,26	0
21,26	0
21,27	0
21,28	1
21,29	0
21,30	0
21,30	1
21,31	0
21,32	0
21,33	0
21,34	0
21,34	0
21,35	0
21,36	0
21,37	1
21,37	0
21,38	1
21,39	0
21,40	0
21,41	0
21,41	0
21,42	1
21,43	0
21,44	2
21,45	0
21,45	1
21,46	0
21,47	0
21,48	0
21,49	0
21,49	0
21,50	0
21,51	0
21,52	0
21,53	0
21,53	0
21,54	0
21,55	1
21,56	0
21,57	0
21,57	1
21,58	0
21,59	1
21,60	0
21,61	0
21,61	0
21,62	0
21,63	0
21,64	0
21,65	0
21,65	0
21,66	0
21,67	0
21,68	0
21,69	0
21,69	1
21,70	0
21,71	2
21,72	0
21,73	0
21,73	0
21,74	1
21,75	0
21,76	0
21,77	0
21,77	0
21,78	1
21,79	0
21,80	1
21,80	0
21,81	0
21,82	1
21,83	0
21,84	0
21,84	1
21,85	0
21,86	0
21,87	0
21,88	1
21,88	0
21,89	0
21,90	0
21,91	0
21,92	0
21,92	0
21,93	0
21,94	0
21,95	1
21,96	0
21,96	2
21,97	0
21,98	0
21,99	0
22,00	1
22,00	0
22,01	0
22,02	1
22,03	1
22,04	0
22,04	0
22,05	1
22,06	0
22,07	0
22,08	0
22,08	0
22,09	0
22,10	0
22,11	0
22,12	0
22,12	0
22,13	0
22,14	0
22,15	0
22,16	0
22,16	0
22,17	0
22,18	0
22,19	0
22,20	1
22,20	0
22,21	0
22,22	0
22,23	1
22,23	1
22,24	0
22,25	0
22,26	1
22,27	0
22,27	0
22,28	0
22,29	0
22,30	0
22,31	0
22,31	0
22,32	0
22,33	0
22,34	0
22,35	1
22,35	0
22,36	1
22,37	0
22,38	0
22,39	0
22,39	0
22,40	0
22,41	0
22,42	0
22,43	1
22,43	0
22,44	0
22,45	0
22,46	0
22,47	0
22,47	0
22,48	0
22,49	0
22,50	1
22,51	0
22,51	0
22,52	0
22,53	2
22,54	0
22,55	0
22,55	0
22,56	0
22,57	0
22,58	1
22,59	1
22,59	0
22,60	1
22,61	0
22,62	1
22,62	0
22,63	0
22,64	0
22,65	1
22,66	0
22,66	0
22,67	0
22,68	1
22,69	0
22,70	0
22,70	0
22,71	0
22,72	0
22,73	0
22,74	0
22,74	0
22,75	0
22,76	0
22,77	0
22,78	0
22,78	0
22,79	0
22,80	0
22,81	0
22,82	0
22,82	0
22,83	1
22,84	0
22,85	0
22,86	0
22,86	0
22,87	1
22,88	0
22,89	1
22,90	0
22,90	0
22,91	1
22,92	0
22,93	1
22,94	0
22,94	0
22,95	0
22,96	0
22,97	0
22,98	0
22,98	0
22,99	0
23,00	0
23,01	0
23,02	0
23,02	0
23,03	0
23,04	0
23,05	0
23,05	0
23,06	0
23,07	0
23,08	0
23,09	1
23,09	0
23,10	0
23,11	0
23,12	0
23,13	0
23,13	0
23,14	0
23,15	0
23,16	0
23,17	1
23,17	0
23,18	0
23,19	1
23,20	0
23,21	0
23,21	0
23,22	0
23,23	0
23,24	0
23,25	1
23,25	0
23,26	0
23,27	0
23,28	0
23,29	1
23,29	0
23,30	0
23,31	0
23,32	0
23,33	0
23,33	0
23,34	0
23,35	1
23,36	1
23,37	0
23,37	0
23,38	1
23,39	0
23,40	0
23,41	0
23,41	0
23,42	0
23,43	0
23,44	1
23,45	0
23,45	0
23,46	0
23,47	0
23,48	0
23,48	0
23,49	0
23,50	0
23,51	0
23,52	1
23,52	1
23,53	0
23,54	1
23,55	0
23,56	0
23,56	0
23,57	0
23,58	0
23,59	1
23,60	0
23,60	0
23,61	0
23,62	0
23,63	0
23,64	0
23,64	2
23,65	1
23,66	1
23,67	0
23,68	0
23,68	0
23,69	0
23,70	0
23,71	1
23,72	0
23,72	0
23,73	0
23,74	0
23,75	0
23,76	0
23,76	0
23,77	0
23,78	1
23,79	0
23,80	0
23,80	0
23,81	0
23,82	1
23,83	0
23,84	0
23,84	0
23,85	0
23,86	0
23,87	0
23,88	0
23,88	1
23,89	0
23,90	0
23,91	0
23,91	0
23,92	1
23,93	0
23,94	0
23,95	0
23,95	0
23,96	1
23,97	0
23,98	0
23,99	0
23,99	0
24,00	0
24,01	0
24,02	1
24,03	0
24,03	1
24,04	0
24,05	0
24,06	0
24,07	0
24,07	0
24,08	0
24,09	0
24,10	0
24,11	0
24,11	0
24,12	0
24,13	0
24,14	0
24,15	0
24,15	0
24,16	1
24,17	0
24,18	0
24,19	0
24,19	1
24,20	0
24,21	0
24,22	0
24,23	0
24,23	0
24,24	1
24,25	0
24,26	0
24,27	0
24,27	0
24,28	0
24,29	1
24,30	0
24,31	0
24,31	0
24,32	0
24,33	0
24,34	0
24,34	0
24,35	0
24,36	0
24,37	0
24,38	0
24,38	0
24,39	0
24,40	0
24,41	0
24,42	0
24,42	1
24,43	0
24,44	0
24,45	0
24,46	0
24,46	0
24,47	0
24,48	0
24,49	0
24,50	0
24,50	0
24,51	0
24,52	1
24,53	1
24,54	1
24,54	0
24,55	0
24,56	0
24,57	0
24,58	1
24,58	0
24,59	0
24,60	0
24,61	1
24,62	0
24,62	0
24,63	0
24,64	1
24,65	0
24,66	1
24,66	1
24,67	0
24,68	1
24,69	0
24,70	0
24,70	0
24,71	0
24,72	0
24,73	0
24,74	0
24,74	0
24,75	0
24,76	0
24,77	0
24,77	0
24,78	0
24,79	0
24,80	0
24,81	0
24,81	0
24,82	0
24,83	0
24,84	0
24,85	0
24,85	2
24,86	0
24,87	2
24,88	1
24,89	0
24,89	0
24,90	2
24,91	0
24,92	0
24,93	0
24,93	0
24,94	0
24,95	0
24,96	0
24,97	1
24,97	0
24,98	0
24,99	0
25,00	1
25,01	0
25,01	0
25,02	0
25,03	2
25,04	0
25,05	0
25,05	0
25,06	0
25,07	0
25,08	1
25,09	0
25,09	0
25,10	0
25,11	0
25,12	0
25,13	0
25,13	0
25,14	0
25,15	0
25,16	1
25,17	0
25,17	0
25,18	0
25,19	1
25,20	0
25,20	0
25,21	0
25,22	1
25,23	0
25,24	0
25,24	0
25,25	0
25,26	1
25,27	0
25,28	0
25,28	0
25,29	0
25,30	0
25,31	0
25,32	0
25,32	0
25,33	0
25,34	1
25,35	0
25,36	0
25,36	0
25,37	2
25,38	0
25,39	1
25,40	0
25,40	0
25,41	0
25,42	0
25,43	0
25,44	0
25,44	0
25,45	0
25,46	0
25,47	1
25,48	0
25,48	0
25,49	0
25,50	0
25,51	1
25,52	0
25,52	0
25,53	1
25,54	0
25,55	0
25,56	2
25,56	0
25,57	0
25,58	0
25,59	0
25,59	0
25,60	0
25,61	1
25,62	1
25,63	0
25,63	0
25,64	0
25,65	0
25,66	0
25,67	0
25,67	0
25,68	0
25,69	0
25,70	0
25,71	0
25,71	0
25,72	0
25,73	1
25,74	0
25,75	0
25,75	0
25,76	0
25,77	0
25,78	0
25,79	0
25,79	2
25,80	0
25,81	0
25,82	0
25,83	0
25,83	0
25,84	0
25,85	0
25,86	0
25,87	0
25,87	0
25,88	0
25,89	0
25,90	0
25,91	0
25,91	0
25,92	0
25,93	0
25,94	1
25,95	0
25,95	0
25,96	0
25,97	0
25,98	0
25,99	0
25,99	0
26,00	0
26,01	1
26,02	0
26,02	1
26,03	0
26,04	0
26,05	0
26,06	0
26,06	0
26,07	0
26,08	0
26,09	0
26,10	0
26,10	0
26,11	0
26,12	0
26,13	0
26,14	0
26,14	0
26,15	1
26,16	0
26,17	0
26,18	0
26,18	0
26,19	0
26,20	0
26,21	0
26,22	0
26,22	0
26,23	0
26,24	0
26,25	0
26,26	0
26,26	0
26,27	0
26,28	0
26,29	0
26,30	0
26,30	0
26,31	0
26,32	0
26,33	0
26,34	0
26,34	1
26,35	0
26,36	0
26,37	1
26,38	0
26,38	0
26,39	0
26,40	0
26,41	0
26,42	0
26,42	0
26,43	1
26,44	0
26,45	0
26,45	0
26,46	0
26,47	1
26,48	0
26,49	0
26,49	0
26,50	0
26,51	0
26,52	0
26,53	1
26,53	0
26,54	0
26,55	0
26,56	0
26,57	0
26,57	1
26,58	0
26,59	0
26,60	0
26,61	0
26,61	0
26,62	0
26,63	0
26,64	0
26,65	0
26,65	0
26,66	0
26,67	0
26,68	0
26,69	0
26,69	2
26,70	2
26,71	0
26,72	1
26,73	0
26,73	0
26,74	0
26,75	0
26,76	0
26,77	0
26,77	0
26,78	0
26,79	0
26,80	0
26,81	1
26,81	0
26,82	0
26,83	0
26,84	0
26,85	0
26,85	0
26,86	0
26,87	0
26,88	1
26,88	0
26,89	0
26,90	0
26,91	0
26,92	2
26,92	0
26,93	0
26,94	1
26,95	0
26,96	0
26,96	0
26,97	1
26,98	0
26,99	1
27,00	0
27,00	0
27,01	0
27,02	1
27,03	0
27,04	1
27,04	0
27,05	0
27,06	0
27,07	0
27,08	0
27,08	0
27,09	0
27,10	1
27,11	0
27,12	0
27,12	0
27,13	0
27,14	0
27,15	0
27,16	0
27,16	0
27,17	1
27,18	0
27,19	1
27,20	0
27,20	0
27,21	1
27,22	0
27,23	0
27,24	0
27,24	0
27,25	0
27,26	0
27,27	0
27,28	0
27,28	0
27,29	0
27,30	0
27,31	0
27,31	0
27,32	1
27,33	0
27,34	0
27,35	0
27,35	0
27,36	0
27,37	0
27,38	0
27,39	0
27,39	0
27,40	0
27,41	0
27,42	1
27,43	0
27,43	0
27,44	1
27,45	1
27,46	0
27,47	0
27,47	0
27,48	0
27,49	0
27,50	0
27,51	0
27,51	0
27,52	0
27,53	0
27,54	0
27,55	0
27,55	0
27,56	0
27,57	0
27,58	1
27,59	0
27,59	0
27,60	1
27,61	0
27,62	1
27,63	0
27,63	1
27,64	0
27,65	2
27,66	0
27,67	0
27,67	1
27,68	0
27,69	0
27,70	0
27,71	1
27,71	0
27,72	0
27,73	0
27,74	0
27,74	1
27,75	0
27,76	0
27,77	0
27,78	0
27,78	1
27,79	1
27,80	0
27,81	0
27,82	0
27,82	0
27,83	0
27,84	0
27,85	0
27,86	1
27,86	0
27,87	1
27,88	0
27,89	0
27,90	0
27,90	0
27,91	1
27,92	0
27,93	0
27,94	0
27,94	1
27,95	0
27,96	0
27,97	0
27,98	1
27,98	0
27,99	0
28,00	0
28,01	0
28,02	0
28,02	0
28,03	0
28,04	0
28,05	0
28,06	1
28,06	0
28,07	0
28,08	0
28,09	0
28,10	0
28,10	0
28,11	0
28,12	0
28,13	0
28,14	0
28,14	0
28,15	0
28,16	0
28,17	0
28,17	0
28,18	0
28,19	0
28,20	1
28,21	0
28,21	1
28,22	0
28,23	1
28,24	0
28,25	0
28,25	0
28,26	0
28,27	0
28,28	0
28,29	0
28,29	0
28,30	0
28,31	1
28,32	0
28,33	0
28,33	0
28,34	0
28,35	0
28,36	1
28,37	0
28,37	0
28,38	1
28,39	0
28,40	0
28,41	0
28,41	0
28,42	0
28,43	2
28,44	0
28,45	0
28,45	0
28,46	0
28,47	0
28,48	0
28,49	0
28,49	1
28,50	0
28,51	1
28,52	0
28,53	0
28,53	0
28,54	0
28,55	1
28,56	0
28,57	0
28,57	1
28,58	1
28,59	1
28,60	0
28,60	0
28,61	0
28,62	0
28,63	1
28,64	0
28,64	0
28,65	0
28,66	0
28,67	1
28,68	0
28,68	0
28,69	0
28,70	0
28,71	0
28,72	0
28,72	0
28,73	1
28,74	0
28,75	0
28,76	0
28,76	0
28,77	0
28,78	1
28,79	0
28,80	0
28,80	1
28,81	0
28,82	0
28,83	0
28,84	0
28,84	0
28,85	0
28,86	0
28,87	1
28,88	0
28,88	1
28,89	0
28,90	0
28,91	1
28,92	1
28,92	0
28,93	0
28,94	1
28,95	0
28,96	0
28,96	0
28,97	0
28,98	0
28,99	0
28,99	0
29,00	0
29,01	0
29,02	0
29,03	0
29,03	1
29,04	1
29,05	1
29,06	0
29,07	1
29,07	0
29,08	0
29,09	0
29,10	0
29,11	1
29,11	0
29,12	1
29,13	0
29,14	0
29,15	0
29,15	0
29,16	0
29,17	0
29,18	0
29,19	0
29,19	1
29,20	0
29,21	0
29,22	0
29,23	1
29,23	0
29,24	0
29,25	0
29,26	0
29,27	0
29,27	0
29,28	0
29,29	0
29,30	1
29,31	0
29,31	0
29,32	0
29,33	0
29,34	1
29,35	1
29,35	0
29,36	1
29,37	0
29,38	0
29,39	0
29,39	1
29,40	0
29,41	0
29,42	0
29,42	0
29,43	0
29,44	0
29,45	0
29,46	0
29,46	2
29,47	0
29,48	0
29,49	0
29,50	1
29,50	0
29,51	0
29,52	0
29,53	1
29,54	0
29,54	0
29,55	0
29,56	0
29,57	0
29,58	0
29,58	0
29,59	0
29,60	0
29,61	0
29,62	0
29,62	0
29,63	0
29,64	0
29,65	0
29,66	0
29,66	0
29,67	0
29,68	0
29,69	0
29,70	0
29,70	0
29,71	0
29,72	0
29,73	0
29,74	0
29,74	0
29,75	0
29,76	0
29,77	0
29,78	1
29,78	1
29,79	0
29,80	0
29,81	0
29,82	0
29,82	0
29,83	0
29,84	0
29,85	0
29,85	0
29,86	1
29,87	0
29,88	0
29,89	2
29,89	0
29,90	0
29,91	0
29,92	0
29,93	0
29,93	0
29,94	0
29,95	0
29,96	0
29,97	0
29,97	0
29,98	1
29,99	0
30,00	0
30,01	1
30,01	0
30,02	0
30,03	0
30,04	0
30,05	0
30,05	0
30,06	0
30,07	0
30,08	0
30,09	0
30,09	1
30,10	0
30,11	1
30,12	1
30,13	0
30,13	0
30,14	0
30,15	1
30,16	0
30,17	0
30,17	1
30,18	1
30,19	0
30,20	0
30,21	0
30,21	0
30,22	0
30,23	0
30,24	1
30,25	0
30,25	0
30,26	0
30,27	1
30,28	0
30,28	1
30,29	0
30,30	0
30,31	0
30,32	0
30,32	1
30,33	1
30,34	0
30,35	0
30,36	0
30,36	0
30,37	1
30,38	0
30,39	0
30,40	0
30,40	0
30,41	1
30,42	0
30,43	0
30,44	0
30,44	2
30,45	0
30,46	0
30,47	0
30,48	0
30,48	0
30,49	1
30,50	0
30,51	0
30,52	0
30,52	0
30,53	1
30,54	0
30,55	2
30,56	0
30,56	0
30,57	0
30,58	0
30,59	0
30,60	0
30,60	0
30,61	0
30,62	1
30,63	1
30,64	0
30,64	0
30,65	1
30,66	0
30,67	0
30,68	0
30,68	0
30,69	0
30,70	0
30,71	0
30,71	0
30,72	0
30,73	0
30,74	0
30,75	0
30,75	0
30,76	0
30,77	0
30,78	0
30,79	0
30,79	1
30,80	0
30,81	0
30,82	0
30,83	0
30,83	0
30,84	0
30,85	0
30,86	1
30,87	0
30,87	0
30,88	0
30,89	0
30,90	0
30,91	1
30,91	0
30,92	0
30,93	0
30,94	0
30,95	1
30,95	0
30,96	0
30,97	0
30,98	0
30,99	0
30,99	0
31,00	1
31,01	1
31,02	1
31,03	1
31,03	0
31,04	0
31,05	1
31,06	0
31,07	1
31,07	0
31,08	0
31,09	0
31,10	1
31,11	0
31,11	0
31,12	0
31,13	0
31,14	0
31,14	0
31,15	0
31,16	0
31,17	0
31,18	0
31,18	0
31,19	0
31,20	0
31,21	0
31,22	0
31,22	0
31,23	1
31,24	0
31,25	0
31,26	0
31,26	0
31,27	0
31,28	0
31,29	0
31,30	0
31,30	1
31,31	0
31,32	1
31,33	0
31,34	0
31,34	1
31,35	0
31,36	0
31,37	0
31,38	0
31,38	0
31,39	1
31,40	0
31,41	1
31,42	0
31,42	0
31,43	0
31,44	0
31,45	0
31,46	0
31,46	0
31,47	0
31,48	0
31,49	1
31,50	0
31,50	1
31,51	0
31,52	0
31,53	0
31,54	0
31,54	0
31,55	0
31,56	0
31,57	0
31,57	0
31,58	0
31,59	0
31,60	0
31,61	0
31,61	1
31,62	0
31,63	0
31,64	1
31,65	0
31,65	1
31,66	0
31,67	0
31,68	0
31,69	0
31,69	0
31,70	0
31,71	0
31,72	0
31,73	0
31,73	0
31,74	0
31,75	0
31,76	0
31,77	1
31,77	1
31,78	0
31,79	1
31,80	0
31,81	0
31,81	0
31,82	1
31,83	0
31,84	0
31,85	0
31,85	0
31,86	0
31,87	0
31,88	0
31,89	0
31,89	1
31,90	0
31,91	0
31,92	0
31,93	0
31,93	0
31,94	0
31,95	2
31,96	0
31,97	0
31,97	0
31,98	0
31,99	0
32,00	0
32,00	0
32,01	0
32,02	1
32,03	0
32,04	0
32,04	0
32,05	0
32,06	0
32,07	0
32,08	1
32,08	0
32,09	0
32,10	1
32,11	0
32,12	0
32,12	0
32,13	0
32,14	0
32,15	0
32,16	0
32,16	0
32,17	0
32,18	0
32,19	0
32,20	0
32,20	0
32,21	0
32,22	0
32,23	0
32,24	1
32,24	0
32,25	0
32,26	0
32,27	0
32,28	1
32,28	0
32,29	0
32,30	0
32,31	1
32,32	0
32,32	0
32,33	0
32,34	0
32,35	0
32,36	0
32,36	0
32,37	0
32,38	0
32,39	0
32,39	1
32,40	0
32,41	0
32,42	0
32,43	0
32,43	1
32,44	0
32,45	0
32,46	0
32,47	0
32,47	0
32,48	0
32,49	0
32,50	0
32,51	0
32,51	0
32,52	1
32,53	0
32,54	0
32,55	0
32,55	0
32,56	0
32,57	0
32,58	0
32,59	0
32,59	0
32,60	0
32,61	0
32,62	0
32,63	0
32,63	2
32,64	0
32,65	0
32,66	0
32,67	0
32,67	0
32,68	1
32,69	0
32,70	0
32,71	0
32,71	0
32,72	0
32,73	1
32,74	0
32,75	0
32,75	0
32,76	0
32,77	0
32,78	0
32,79	0
32,79	0
32,80	0
32,81	0
32,82	0
32,82	0
32,83	0
32,84	1
32,85	0
32,86	0
32,86	0
32,87	0
32,88	0
32,89	0
32,90	0
32,90	0
32,91	0
32,92	0
32,93	0
32,94	0
32,94	0
32,95	0
32,96	0
32,97	0
32,98	0
32,98	0
32,99	0
33,00	0
33,01	0
33,02	0
33,02	0
33,03	0
33,04	0
33,05	0
33,06	0
33,06	0
33,07	0
33,08	0
33,09	0
33,10	0
33,10	0
33,11	0
33,12	0
33,13	0
33,14	0
33,14	1
33,15	0
33,16	0
33,17	0
33,18	0
33,18	0
33,19	0
33,20	0
33,21	0
33,22	0
33,22	0
33,23	0
33,24	0
33,25	0
33,25	0
33,26	0
33,27	0
33,28	0
33,29	0
33,29	0
33,30	0
33,31	0
33,32	0
33,33	0
33,33	0
33,34	1
33,35	0
33,36	0
33,37	0
33,37	0
33,38	0
33,39	0
33,40	2
33,41	0
33,41	2
33,42	0
33,43	0
33,44	1
33,45	0
33,45	0
33,46	0
33,47	0
33,48	0
33,49	0
33,49	1
33,50	1
33,51	0
33,52	0
33,53	0
33,53	1
33,54	0
33,55	0
33,56	0
33,57	0
33,57	0
33,58	1
33,59	0
33,60	1
33,61	0
33,61	0
33,62	0
33,63	0
33,64	0
33,65	0
33,65	0
33,66	0
33,67	0
33,68	0
33,68	0
33,69	0
33,70	0
33,71	1
33,72	1
33,72	0
33,73	0
33,74	0
33,75	0
33,76	1
33,76	0
33,77	0
33,78	1
33,79	0
33,80	0
33,80	0
33,81	1
33,82	0
33,83	0
33,84	0
33,84	0
33,85	0
33,86	0
33,87	0
33,88	0
33,88	1
33,89	1
33,90	0
33,91	0
33,92	0
33,92	0
33,93	0
33,94	0
33,95	0
33,96	0
33,96	0
33,97	0
33,98	0
33,99	2
34,00	0
34,00	0
34,01	0
34,02	0
34,03	0
34,04	0
34,04	0
34,05	0
34,06	0
34,07	0
34,08	1
34,08	0
34,09	1
34,10	0
34,11	0
34,11	0
34,12	0
34,13	0
34,14	1
34,15	0
34,15	0
34,16	0
34,17	0
34,18	0
34,19	0
34,19	1
34,20	0
34,21	0
34,22	0
34,23	1
34,23	0
34,24	0
34,25	0
34,26	0
34,27	0
34,27	0
34,28	0
34,29	0
34,30	0
34,31	0
34,31	0
34,32	0
34,33	0
34,34	0
34,35	0
34,35	0
34,36	1
34,37	0
34,38	0
34,39	0
34,39	0
34,40	1
34,41	0
34,42	0
34,43	0
34,43	0
34,44	0
34,45	0
34,46	0
34,47	0
34,47	0
34,48	0
34,49	0
34,50	0
34,51	0
34,51	0
34,52	0
34,53	1
34,54	0
34,54	0
34,55	0
34,56	1
34,57	0
34,58	0
34,58	0
34,59	0
34,60	0
34,61	0
34,62	0
34,62	0
34,63	0
34,64	0
34,65	0
34,66	0
34,66	0
34,67	0
34,68	0
34,69	0
34,70	0
34,70	0
34,71	1
34,72	0
34,73	0
34,74	0
34,74	0
34,75	0
34,76	0
34,77	0
34,78	0
34,78	0
34,79	0
34,80	0
34,81	0
34,82	1
34,82	0
34,83	0
34,84	0
34,85	0
34,86	0
34,86	0
34,87	0
34,88	0
34,89	0
34,90	0
34,90	0
34,91	0
34,92	1
34,93	0
34,94	0
34,94	0
34,95	0
34,96	1
34,97	0
34,97	0
34,98	0
34,99	0
35,00	0
35,01	0
35,01	0
35,02	0
35,03	1
35,04	0
35,05	0
35,05	1
35,06	0
