Energie	Impulse	Fit(Impulse)	Fit(Impulse)
E/keV	Impulse/#	Impulse/#	Impulse/#

17,08	45	27	46
17,09	37	27	46
17,10	42	26	46
17,11	49	25	46
17,11	53	25	46
17,12	44	24	46
17,13	49	24	45
17,14	39	23	45
17,15	42	22	45
17,15	32	22	45
17,16	51	21	45
17,17	55	21	45
17,18	32	20	44
17,19	50	20	44
17,19	40	19	44
17,20	45	19	44
17,21	55	18	44
17,22	47	18	44
17,23	35	17	43
17,23	44	17	43
17,24	48	17	43
17,25	39	16	43
17,26	63	16	43
17,27	39	15	43
17,27	47	15	42
17,28	42	14	42
17,29	46	14	42
17,30	46	14	42
17,31	41	13	42
17,31	43	13	41
17,32	51	13	41
17,33	45	12	41
17,34	43	12	41
17,35	36	12	41
17,35	36	11	40
17,36	31	11	40
17,37	44	11	40
17,38	48	10	40
17,39	28	10	40
17,39	36	10	39
17,40	42	10	39
17,41	37	9	39
17,42	40	9	39
17,43	40	9	39
17,43	28	8	38
17,44	37	8	38
17,45	32	8	38
17,46	28	8	38
17,47	42	8	38
17,47	47	7	37
17,48	31	7	37
17,49	34	7	37
17,50	44	7	37
17,51	23	6	36
17,51	42	6	36
17,52	31	6	36
17,53	29	6	36
17,54	32	6	36
17,54	37	6	35
17,55	33	5	35
17,56	40	5	35
17,57	34	5	35
17,58	39	5	34
17,58	39	5	34
17,59	30	5	34
17,60	25	4	34
17,61	34	4	33
17,62	29	4	33
17,62	33	4	33
17,63	36	4	33
17,64	40	4	33
17,65	25	4	32
17,66	41	4	32
17,66	23	3	32
17,67	42	3	32
17,68	37	3	31
17,69	23	3	31
17,70	46	3	31
17,70	24	3	31
17,71	30	3	30
17,72	35	3	30
17,73	36	3	30
17,74	30	3	30
17,74	26	2	30
17,75	29	2	29
17,76	19	2	29
17,77	31	2	29
17,78	29	2	29
17,78	37	2	28
17,79	22	2	28
17,80	30	2	28
17,81	31	2	28
17,82	19	2	27
17,82	32	2	27
17,83	33	2	27
17,84	16	2	27
17,85	32	2	27
17,86	22	1	26
17,86	22	1	26
17,87	30	1	26
17,88	25	1	26
17,89	31	1	25
17,90	29	1	25
17,90	21	1	25
17,91	32	1	25
17,92	24	1	24
17,93	15	1	24
