Energie	Impulse	Fit(Impulse)	Fit(Impulse)	Fit(Impulse)	Fit(Impulse)	Fit(Impulse)	Fit(Impulse)
E/keV	Impulse/#	Impulse/#	Impulse/#	Impulse/#	Impulse/#	Impulse/#	Impulse/#

12,00	12	16	9	17	741	5	5
12,00	13	16	10	17	741	5	5
12,01	18	17	10	17	741	5	5
12,02	10	17	10	18	741	5	5
12,03	13	17	10	18	741	5	5
12,03	17	17	10	18	741	5	5
12,04	11	17	10	18	740	5	6
12,05	24	17	10	18	740	6	6
12,06	11	17	11	18	740	6	6
12,07	13	18	11	19	740	6	6
12,07	23	18	11	19	740	6	6
12,08	14	18	11	19	740	6	6
12,09	15	18	11	19	740	6	6
12,10	16	18	11	19	740	6	6
12,11	18	19	12	19	739	6	6
12,11	18	19	12	19	739	6	7
12,12	21	19	12	20	739	7	7
12,13	24	19	12	20	739	7	7
12,14	16	19	12	20	738	7	7
12,15	28	19	12	20	738	7	7
12,15	22	20	13	20	738	7	7
12,16	22	20	13	20	738	7	7
12,17	13	20	13	21	737	7	8
12,18	17	20	13	21	737	8	8
12,19	25	20	13	21	737	8	8
12,19	18	21	13	21	736	8	8
12,20	26	21	14	21	736	8	8
12,21	15	21	14	21	736	8	8
12,22	12	21	14	22	735	8	8
12,23	29	21	14	22	735	8	9
12,23	24	21	14	22	734	9	9
12,24	19	22	15	22	734	9	9
12,25	21	22	15	22	733	9	9
12,26	20	22	15	23	733	9	9
12,27	27	22	15	23	733	9	9
12,27	22	22	15	23	732	9	10
12,28	30	23	16	23	732	10	10
12,29	21	23	16	23	731	10	10
12,30	25	23	16	23	731	10	10
12,31	34	23	16	24	730	10	10
12,31	25	24	17	24	729	10	10
12,32	17	24	17	24	729	10	11
12,33	28	24	17	24	728	11	11
12,34	21	24	17	24	728	11	11
12,35	27	24	17	25	727	11	11
12,35	18	25	18	25	726	11	11
12,36	33	25	18	25	726	11	12
12,37	30	25	18	25	725	12	12
12,38	28	25	18	25	724	12	12
12,39	13	25	19	26	724	12	12
12,39	22	26	19	26	723	12	12
12,40	28	26	19	26	722	12	13
12,41	15	26	19	26	722	13	13
12,42	33	26	20	26	721	13	13
12,43	19	27	20	27	720	13	13
12,43	36	27	20	27	719	13	13
12,44	33	27	20	27	719	14	14
12,45	20	27	21	27	718	14	14
12,46	30	28	21	27	717	14	14
12,46	28	28	21	28	716	14	14
12,47	34	28	21	28	715	14	15
12,48	31	28	22	28	715	15	15
12,49	29	28	22	28	714	15	15
12,50	26	29	22	29	713	15	15
12,50	23	29	22	29	712	15	16
12,51	27	29	23	29	711	16	16
12,52	28	29	23	29	710	16	16
12,53	42	30	23	29	709	16	16
12,54	37	30	24	30	708	16	17
12,54	33	30	24	30	707	17	17
12,55	37	30	24	30	707	17	17
12,56	40	31	25	30	706	17	17
12,57	34	31	25	31	705	18	18
12,58	35	31	25	31	704	18	18
12,58	28	31	25	31	703	18	18
12,59	25	32	26	31	702	18	19
12,60	37	32	26	32	701	19	19
12,61	26	32	26	32	700	19	19
12,62	36	33	27	32	698	19	20
12,62	36	33	27	32	697	20	20
12,63	47	33	27	33	696	20	20
12,64	21	33	28	33	695	20	20
12,65	34	34	28	33	694	21	21
12,66	39	34	28	33	693	21	21
12,66	41	34	29	34	692	21	21
12,67	43	34	29	34	691	21	22
12,68	31	35	29	34	690	22	22
12,69	47	35	30	34	688	22	22
12,70	37	35	30	35	687	22	23
12,70	38	36	30	35	686	23	23
12,71	43	36	31	35	685	23	23
12,72	34	36	31	35	684	23	24
12,73	44	36	31	36	683	24	24
12,74	37	37	32	36	681	24	24
12,74	49	37	32	36	680	25	25
12,75	35	37	32	36	679	25	25
12,76	43	38	33	37	678	25	26
12,77	34	38	33	37	676	26	26
12,78	32	38	33	37	675	26	26
12,78	50	38	34	37	674	26	27
12,79	47	39	34	38	672	27	27
12,80	50	39	35	38	671	27	27
12,81	40	39	35	38	670	28	28
12,82	46	40	35	39	669	28	28
12,82	41	40	36	39	667	28	29
12,83	24	40	36	39	666	29	29
12,84	55	41	36	39	664	29	29
12,85	41	41	37	40	663	30	30
12,85	68	41	37	40	662	30	30
12,86	38	42	38	40	660	30	31
12,87	45	42	38	41	659	31	31
12,88	55	42	38	41	658	31	31
12,89	46	42	39	41	656	32	32
12,89	36	43	39	42	655	32	32
12,90	49	43	40	42	653	32	33
12,91	45	43	40	42	652	33	33
12,92	59	44	41	42	650	33	34
12,93	48	44	41	43	649	34	34
12,93	51	44	41	43	647	34	35
12,94	63	45	42	43	646	35	35
12,95	42	45	42	44	644	35	35
12,96	49	45	43	44	643	36	36
12,97	46	46	43	44	641	36	36
12,97	42	46	43	45	640	37	37
12,98	44	46	44	45	638	37	37
12,99	54	47	44	45	637	38	38
13,00	46	47	45	46	635	38	38
13,01	47	47	45	46	634	38	39
13,01	49	48	46	46	632	39	39
13,02	43	48	46	47	631	39	40
13,03	48	48	47	47	629	40	40
13,04	58	49	47	47	627	40	41
13,05	55	49	47	48	626	41	41
13,05	44	49	48	48	624	41	42
13,06	37	50	48	48	623	42	42
13,07	61	50	49	49	621	43	43
13,08	38	51	49	49	619	43	43
13,09	50	51	50	49	618	44	44
13,09	63	51	50	50	616	44	44
13,10	36	52	51	50	614	45	45
13,11	68	52	51	50	613	45	45
13,12	57	52	52	51	611	46	46
13,13	55	53	52	51	609	46	46
13,13	58	53	53	52	608	47	47
13,14	67	53	53	52	606	47	48
13,15	40	54	54	52	604	48	48
13,16	63	54	54	53	603	48	49
13,17	46	54	55	53	601	49	49
13,17	59	55	55	53	599	50	50
13,18	65	55	56	54	598	50	50
13,19	55	56	56	54	596	51	51
13,20	66	56	57	55	594	51	51
13,21	50	56	57	55	592	52	52
13,21	55	57	58	55	591	52	53
13,22	63	57	58	56	589	53	53
13,23	36	57	59	56	587	54	54
13,24	62	58	59	56	585	54	54
13,25	61	58	60	57	583	55	55
13,25	49	59	60	57	582	55	56
13,26	67	59	61	58	580	56	56
13,27	59	59	61	58	578	57	57
13,28	56	60	62	58	576	57	57
13,28	66	60	62	59	575	58	58
13,29	57	61	63	59	573	58	59
13,30	62	61	63	60	571	59	59
13,31	53	61	64	60	569	60	60
13,32	52	62	64	60	567	60	60
13,32	75	62	65	61	565	61	61
13,33	62	63	65	61	564	62	62
13,34	49	63	66	62	562	62	62
13,35	80	63	67	62	560	63	63
13,36	45	64	67	63	558	63	64
13,36	76	64	68	63	556	64	64
13,37	62	65	68	63	554	65	65
13,38	57	65	69	64	553	65	66
13,39	61	65	69	64	551	66	66
13,40	92	66	70	65	549	67	67
13,40	45	66	70	65	547	67	67
13,41	61	67	71	66	545	68	68
13,42	51	67	71	66	543	69	69
13,43	65	67	72	66	541	69	69
13,44	68	68	73	67	539	70	70
13,44	61	68	73	67	537	71	71
13,45	71	69	74	68	536	71	71
13,46	55	69	74	68	534	72	72
13,47	59	69	75	69	532	73	73
13,48	71	70	75	69	530	73	73
13,48	58	70	76	70	528	74	74
13,49	66	71	76	70	526	75	75
13,50	67	71	77	71	524	75	75
13,51	65	72	78	71	522	76	76
13,52	67	72	78	72	520	77	77
13,52	69	72	79	72	518	77	77
13,53	67	73	79	72	516	78	78
13,54	68	73	80	73	514	79	79
13,55	76	74	80	73	513	79	80
13,56	86	74	81	74	511	80	80
13,56	81	75	82	74	509	81	81
13,57	67	75	82	75	507	82	82
13,58	73	75	83	75	505	82	82
13,59	60	76	83	76	503	83	83
13,60	60	76	84	76	501	84	84
13,60	91	77	84	77	499	84	84
13,61	54	77	85	77	497	85	85
13,62	81	78	86	78	495	86	86
13,63	62	78	86	78	493	86	86
13,64	90	78	87	79	491	87	87
13,64	83	79	87	79	489	88	88
13,65	88	79	88	80	487	88	89
13,66	54	80	89	80	485	89	89
13,67	78	80	89	81	483	90	90
13,68	76	81	90	81	481	91	91
13,68	83	81	90	82	479	91	91
13,69	71	82	91	83	477	92	92
13,70	87	82	91	83	475	93	93
13,71	91	82	92	84	473	93	93
13,71	73	83	93	84	471	94	94
13,72	60	83	93	85	469	95	95
13,73	87	84	94	85	467	95	95
13,74	74	84	94	86	465	96	96
13,75	83	85	95	86	464	97	97
13,75	101	85	95	87	462	98	98
13,76	98	86	96	87	460	98	98
13,77	81	86	97	88	458	99	99
13,78	83	86	97	89	456	100	100
13,79	85	87	98	89	454	100	100
13,79	91	87	98	90	452	101	101
13,80	101	88	99	90	450	102	102
13,81	93	88	99	91	448	102	102
13,82	91	89	100	91	446	103	103
13,83	80	89	101	92	444	104	104
13,83	100	90	101	93	442	105	104
13,84	77	90	102	93	440	105	105
13,85	79	91	102	94	438	106	106
13,86	94	91	103	94	436	107	106
13,87	78	91	103	95	434	107	107
13,87	97	92	104	95	432	108	108
13,88	86	92	105	96	430	109	108
13,89	116	93	105	97	428	109	109
13,90	70	93	106	97	426	110	110
13,91	125	94	106	98	424	111	110
13,91	74	94	107	98	422	111	111
13,92	96	95	107	99	420	112	112
13,93	111	95	108	100	418	113	112
13,94	99	96	109	100	416	113	113
13,95	109	96	109	101	414	114	114
13,95	83	97	110	102	412	115	114
13,96	115	97	110	102	410	115	115
13,97	87	97	111	103	408	116	116
13,98	104	98	111	103	406	116	116
13,99	93	98	112	104	404	117	117
13,99	85	99	112	105	402	118	118
14,00	106	99	113	105	400	118	118
14,01	121	100	114	106	398	119	119
14,02	114	100	114	107	396	120	119
14,03	119	101	115	107	395	120	120
14,03	115	101	115	108	393	121	121
14,04	83	102	116	109	391	121	121
14,05	111	102	116	109	389	122	122
14,06	109	103	117	110	387	123	123
14,07	123	103	117	110	385	123	123
14,07	98	103	118	111	383	124	124
14,08	84	104	118	112	381	124	124
14,09	115	104	119	112	379	125	125
14,10	124	105	119	113	377	126	125
14,11	116	105	120	114	375	126	126
14,11	131	106	120	115	373	127	127
14,12	108	106	121	115	371	127	127
14,13	116	107	121	116	369	128	128
14,14	92	107	122	117	367	128	128
14,14	123	108	122	117	366	129	129
14,15	138	108	123	118	364	130	129
14,16	113	109	123	119	362	130	130
14,17	110	109	124	119	360	131	130
14,18	119	109	124	120	358	131	131
14,18	134	110	125	121	356	132	131
14,19	125	110	125	121	354	132	132
14,20	155	111	126	122	352	133	133
14,21	101	111	126	123	350	133	133
14,22	139	112	127	124	348	134	134
14,22	146	112	127	124	347	134	134
14,23	102	113	128	125	345	135	135
14,24	148	113	128	126	343	135	135
14,25	121	114	129	127	341	136	135
14,26	136	114	129	127	339	136	136
14,26	151	115	130	128	337	137	136
14,27	140	115	130	129	335	137	137
14,28	140	115	130	129	333	138	137
14,29	158	116	131	130	332	138	138
14,30	98	116	131	131	330	138	138
14,30	133	117	132	132	328	139	139
14,31	139	117	132	132	326	139	139
14,32	149	118	133	133	324	140	139
14,33	150	118	133	134	322	140	140
14,34	128	119	133	135	321	141	140
14,34	162	119	134	136	319	141	141
14,35	128	119	134	136	317	141	141
14,36	111	120	135	137	315	142	141
14,37	160	120	135	138	313	142	142
14,38	116	121	135	139	311	142	142
14,38	155	121	136	139	310	143	143
14,39	145	122	136	140	308	143	143
14,40	127	122	137	141	306	144	143
14,41	135	123	137	142	304	144	144
14,42	169	123	137	143	302	144	144
14,42	113	124	138	143	301	145	144
14,43	152	124	138	144	299	145	145
14,44	145	124	139	145	297	145	145
14,45	144	125	139	146	295	145	145
14,46	159	125	139	147	294	146	145
14,46	106	126	140	147	292	146	146
14,47	168	126	140	148	290	146	146
14,48	121	127	140	149	288	147	146
14,49	164	127	141	150	287	147	147
14,50	156	127	141	151	285	147	147
14,50	135	128	141	152	283	147	147
14,51	163	128	142	152	281	148	147
14,52	185	129	142	153	280	148	147
14,53	145	129	142	154	278	148	148
14,54	166	130	143	155	276	148	148
14,54	124	130	143	156	275	148	148
14,55	159	130	143	157	273	149	148
14,56	135	131	143	157	271	149	149
14,57	166	131	144	158	269	149	149
14,57	147	132	144	159	268	149	149
14,58	139	132	144	160	266	149	149
14,59	117	133	145	161	264	149	149
14,60	187	133	145	162	263	150	149
14,61	135	133	145	163	261	150	149
14,61	137	134	145	164	259	150	150
14,62	178	134	146	164	258	150	150
14,63	139	135	146	165	256	150	150
14,64	181	135	146	166	255	150	150
14,65	179	135	146	167	253	150	150
14,65	166	136	146	168	251	150	150
14,66	159	136	147	169	250	150	150
14,67	204	137	147	170	248	150	150
14,68	134	137	147	171	246	151	150
14,69	151	138	147	172	245	151	150
14,69	168	138	148	173	243	151	150
14,70	138	138	148	173	242	151	150
14,71	188	139	148	174	240	151	150
14,72	157	139	148	175	238	151	150
14,73	183	140	148	176	237	151	150
14,73	141	140	148	177	235	151	150
14,74	129	140	149	178	234	151	150
14,75	190	141	149	179	232	151	150
14,76	155	141	149	180	231	151	150
14,77	177	141	149	181	229	151	150
14,77	171	142	149	182	227	151	150
14,78	160	142	149	183	226	150	150
14,79	169	143	149	184	224	150	150
14,80	133	143	150	185	223	150	150
14,81	162	143	150	186	221	150	150
14,81	149	144	150	187	220	150	150
14,82	166	144	150	188	218	150	150
14,83	179	144	150	189	217	150	150
14,84	159	145	150	189	215	150	150
14,85	152	145	150	190	214	150	149
14,85	182	146	150	191	212	150	149
14,86	152	146	150	192	211	149	149
14,87	134	146	150	193	209	149	149
14,88	179	147	150	194	208	149	149
14,89	144	147	151	195	207	149	149
14,89	189	147	151	196	205	149	149
14,90	163	148	151	197	204	148	148
14,91	158	148	151	198	202	148	148
14,92	147	148	151	199	201	148	148
14,93	179	149	151	200	199	148	148
14,93	116	149	151	201	198	148	148
14,94	142	149	151	202	197	147	147
14,95	164	150	151	203	195	147	147
14,96	151	150	151	204	194	147	147
14,97	180	150	151	205	192	147	147
14,97	151	151	151	206	191	146	146
14,98	160	151	151	208	190	146	146
14,99	133	151	151	209	188	146	146
15,00	169	152	151	210	187	146	145
15,00	204	152	151	211	185	145	145
15,01	145	152	151	212	184	145	145
15,02	158	153	151	213	183	145	145
15,03	182	153	151	214	181	144	144
15,04	136	153	150	215	180	144	144
15,04	155	154	150	216	179	144	144
15,05	153	154	150	217	177	143	143
15,06	133	154	150	218	176	143	143
15,07	156	155	150	219	175	143	143
15,08	133	155	150	220	173	142	142
15,08	160	155	150	221	172	142	142
15,09	154	155	150	222	171	141	141
15,10	143	156	150	223	170	141	141
15,11	198	156	150	224	168	141	141
15,12	118	156	150	225	167	140	140
15,12	139	157	149	227	166	140	140
15,13	173	157	149	228	164	139	139
15,14	115	157	149	229	163	139	139
15,15	175	157	149	230	162	139	139
15,16	139	158	149	231	161	138	138
15,16	143	158	149	232	160	138	138
15,17	188	158	149	233	158	137	137
15,18	168	159	148	234	157	137	137
15,19	132	159	148	235	156	136	136
15,20	131	159	148	237	155	136	136
15,20	151	159	148	238	153	135	135
15,21	142	160	148	239	152	135	135
15,22	172	160	147	240	151	134	135
15,23	117	160	147	241	150	134	134
15,24	150	160	147	242	149	133	134
15,24	142	161	147	243	148	133	133
15,25	109	161	147	244	146	132	133
15,26	154	161	146	246	145	132	132
15,27	140	161	146	247	144	131	132
15,28	120	162	146	248	143	131	131
15,28	138	162	146	249	142	130	130
15,29	136	162	145	250	141	130	130
15,30	131	162	145	251	140	129	129
15,31	126	162	145	252	138	129	129
15,32	127	163	145	254	137	128	128
15,32	155	163	144	255	136	128	128
15,33	132	163	144	256	135	127	127
15,34	141	163	144	257	134	126	127
15,35	132	164	144	258	133	126	126
15,36	109	164	143	259	132	125	125
15,36	177	164	143	261	131	125	125
15,37	111	164	143	262	130	124	124
15,38	97	164	142	263	129	124	124
15,39	146	164	142	264	128	123	123
15,40	89	165	142	265	126	122	123
15,40	138	165	142	267	125	122	122
15,41	113	165	141	268	124	121	121
15,42	118	165	141	269	123	120	121
15,43	129	165	141	270	122	120	120
15,43	121	166	140	271	121	119	120
15,44	98	166	140	273	120	119	119
15,45	121	166	140	274	119	118	118
15,46	109	166	139	275	118	117	118
15,47	106	166	139	276	117	117	117
15,47	128	166	138	278	116	116	116
15,48	101	167	138	279	115	115	116
15,49	140	167	138	280	114	115	115
15,50	94	167	137	281	113	114	114
15,51	119	167	137	282	112	113	114
15,51	151	167	137	284	111	113	113
15,52	94	167	136	285	111	112	113
15,53	102	167	136	286	110	111	112
15,54	115	168	135	287	109	111	111
15,55	115	168	135	289	108	110	111
15,55	111	168	135	290	107	109	110
15,56	94	168	134	291	106	109	109
15,57	99	168	134	292	105	108	109
15,58	90	168	133	294	104	107	108
15,59	94	168	133	295	103	107	107
15,59	122	168	133	296	102	106	107
15,60	105	168	132	297	101	105	106
15,61	77	169	132	299	100	105	105
15,62	132	169	131	300	100	104	104
15,63	88	169	131	301	99	103	104
15,63	101	169	130	303	98	103	103
15,64	127	169	130	304	97	102	102
15,65	88	169	129	305	96	101	102
15,66	133	169	129	306	95	101	101
15,67	91	169	129	308	94	100	100
15,67	118	169	128	309	94	99	100
15,68	102	169	128	310	93	99	99
15,69	86	169	127	312	92	98	98
15,70	96	169	127	313	91	97	98
15,71	87	169	126	314	90	96	97
15,71	84	170	126	316	89	96	96
15,72	85	170	125	317	89	95	96
15,73	105	170	125	318	88	94	95
15,74	66	170	124	319	87	94	94
15,75	83	170	124	321	86	93	93
15,75	80	170	123	322	85	92	93
15,76	62	170	123	323	85	92	92
15,77	107	170	122	325	84	91	91
15,78	65	170	122	326	83	90	91
15,79	92	170	121	327	82	89	90
15,79	104	170	121	329	82	89	89
15,80	96	170	120	330	81	88	89
15,81	77	170	120	331	80	87	88
15,82	78	170	119	333	79	87	87
15,83	74	170	119	334	79	86	86
15,83	78	170	118	335	78	85	86
15,84	81	170	118	337	77	85	85
15,85	81	170	117	338	76	84	84
15,86	89	170	117	339	76	83	84
15,86	61	170	116	341	75	82	83
15,87	85	170	116	342	74	82	82
15,88	77	170	115	344	74	81	82
15,89	49	170	114	345	73	80	81
15,90	96	170	114	346	72	80	80
15,90	49	170	113	348	72	79	80
15,91	88	170	113	349	71	78	79
15,92	72	170	112	350	70	78	78
15,93	66	170	112	352	70	77	78
15,94	81	170	111	353	69	76	77
15,94	65	170	111	354	68	76	76
15,95	63	170	110	356	68	75	76
15,96	70	170	110	357	67	74	75
15,97	69	170	109	359	66	74	74
15,98	59	169	108	360	66	73	73
15,98	90	169	108	361	65	72	73
15,99	54	169	107	363	64	72	72
16,00	74	169	107	364	64	71	71
16,01	35	169	106	366	63	70	71
16,02	71	169	106	367	62	70	70
16,02	81	169	105	368	62	69	70
16,03	50	169	105	370	61	68	69
16,04	48	169	104	371	61	68	68
16,05	76	169	103	373	60	67	68
16,06	63	169	103	374	59	66	67
16,06	45	169	102	375	59	66	66
16,07	55	169	102	377	58	65	66
16,08	49	168	101	378	58	64	65
16,09	62	168	101	380	57	64	64
16,10	42	168	100	381	57	63	64
16,10	54	168	99	382	56	62	63
16,11	61	168	99	384	55	62	62
16,12	52	168	98	385	55	61	62
16,13	52	168	98	387	54	61	61
16,14	37	168	97	388	54	60	61
16,14	60	167	97	390	53	59	60
16,15	53	167	96	391	53	59	59
16,16	29	167	95	392	52	58	59
16,17	58	167	95	394	52	57	58
16,18	47	167	94	395	51	57	57
16,18	46	167	94	397	51	56	57
16,19	62	167	93	398	50	56	56
16,20	48	167	92	400	50	55	56
16,21	42	166	92	401	49	54	55
16,22	44	166	91	402	49	54	54
16,22	38	166	91	404	48	53	54
16,23	41	166	90	405	48	53	53
16,24	39	166	90	407	47	52	53
16,25	41	166	89	408	47	51	52
16,25	40	165	88	410	46	51	52
16,26	47	165	88	411	46	50	51
16,27	39	165	87	413	45	50	50
16,28	51	165	87	414	45	49	50
16,29	34	165	86	415	44	49	49
16,29	48	164	86	417	44	48	49
16,30	40	164	85	418	43	48	48
16,31	52	164	84	420	43	47	48
16,32	57	164	84	421	42	46	47
16,33	39	164	83	423	42	46	46
16,33	42	163	83	424	42	45	46
16,34	35	163	82	426	41	45	45
16,35	34	163	81	427	41	44	45
16,36	45	163	81	429	40	44	44
16,37	39	163	80	430	40	43	44
16,37	28	162	80	432	39	43	43
16,38	37	162	79	433	39	42	43
16,39	40	162	79	434	39	42	42
16,40	28	162	78	436	38	41	42
16,41	38	162	78	437	38	41	41
16,41	27	161	77	439	37	40	41
16,42	45	161	76	440	37	40	40
16,43	35	161	76	442	37	39	40
16,44	28	161	75	443	36	39	39
16,45	27	160	75	445	36	38	39
16,45	48	160	74	446	35	38	38
16,46	16	160	74	448	35	37	38
16,47	29	160	73	449	35	37	37
16,48	46	159	72	451	34	36	37
16,49	30	159	72	452	34	36	36
16,49	42	159	71	454	34	35	36
16,50	31	159	71	455	33	35	35
16,51	28	158	70	457	33	34	35
16,52	23	158	70	458	32	34	35
16,53	44	158	69	460	32	34	34
16,53	34	157	69	461	32	33	34
16,54	18	157	68	463	31	33	33
16,55	34	157	68	464	31	32	33
16,56	30	157	67	466	31	32	32
16,57	27	156	66	467	30	31	32
16,57	25	156	66	469	30	31	31
16,58	31	156	65	470	30	31	31
16,59	21	155	65	472	29	30	31
16,60	29	155	64	473	29	30	30
16,61	42	155	64	475	29	29	30
16,61	27	155	63	476	28	29	29
16,62	29	154	63	477	28	28	29
16,63	30	154	62	479	28	28	29
16,64	33	154	62	480	27	28	28
16,65	26	153	61	482	27	27	28
16,65	16	153	61	483	27	27	27
16,66	45	153	60	485	27	27	27
16,67	18	152	60	486	26	26	27
16,68	33	152	59	488	26	26	26
16,68	27	152	59	489	26	25	26
16,69	28	151	58	491	25	25	26
16,70	23	151	58	492	25	25	25
16,71	26	151	57	494	25	24	25
16,72	19	150	57	495	24	24	24
16,72	21	150	56	497	24	24	24
16,73	29	150	56	498	24	23	24
16,74	32	149	55	500	24	23	23
16,75	34	149	55	501	23	23	23
16,76	19	149	54	503	23	22	23
16,76	16	148	54	504	23	22	22
16,77	25	148	53	506	23	22	22
16,78	18	148	53	507	22	21	22
16,79	29	147	52	509	22	21	21
16,80	21	147	52	510	22	21	21
16,80	18	147	51	512	22	20	21
16,81	24	146	51	513	21	20	20
16,82	19	146	50	515	21	20	20
16,83	22	146	50	516	21	19	20
16,84	17	145	49	518	21	19	20
16,84	16	145	49	519	20	19	19
16,85	21	144	48	521	20	19	19
16,86	22	144	48	522	20	18	19
16,87	22	144	47	524	20	18	18
16,88	25	143	47	525	19	18	18
16,88	14	143	47	527	19	17	18
16,89	20	143	46	528	19	17	18
16,90	14	142	46	530	19	17	17
16,91	18	142	45	531	18	17	17
16,92	17	141	45	533	18	16	17
16,92	13	141	44	534	18	16	16
16,93	20	141	44	536	18	16	16
16,94	27	140	43	537	18	16	16
16,95	19	140	43	539	17	15	16
16,96	19	139	43	540	17	15	15
16,96	11	139	42	542	17	15	15
16,97	12	139	42	543	17	15	15
16,98	23	138	41	545	17	14	15
16,99	14	138	41	546	16	14	14
17,00	19	137	40	548	16	14	14
17,00	30	137	40	549	16	14	14
17,01	20	137	40	551	16	13	14
17,02	19	136	39	552	16	13	13
17,03	16	136	39	554	15	13	13
17,04	24	135	38	555	15	13	13
17,04	25	135	38	556	15	12	13
17,05	14	135	38	558	15	12	13
17,06	15	134	37	559	15	12	12
17,07	19	134	37	561	14	12	12
17,08	15	133	36	562	14	12	12
17,08	17	133	36	564	14	11	12
17,09	17	133	36	565	14	11	12
17,10	22	132	35	567	14	11	11
17,11	17	132	35	568	14	11	11
17,11	21	131	35	570	13	11	11
17,12	7	131	34	571	13	10	11
17,13	16	130	34	573	13	10	11
17,14	15	130	33	574	13	10	10
17,15	12	130	33	576	13	10	10
17,15	11	129	33	577	13	10	10
17,16	18	129	32	578	12	10	10
17,17	19	128	32	580	12	9	10
17,18	14	128	32	581	12	9	10
17,19	18	127	31	583	12	9	9
17,19	11	127	31	584	12	9	9
17,20	16	127	31	586	12	9	9
17,21	11	126	30	587	12	9	9
17,22	15	126	30	589	11	8	9
17,23	8	125	30	590	11	8	9
17,23	9	125	29	591	11	8	8
17,24	13	124	29	593	11	8	8
17,25	9	124	29	594	11	8	8
17,26	15	123	28	596	11	8	8
17,27	9	123	28	597	11	8	8
17,27	15	123	28	599	10	7	8
17,28	7	122	27	600	10	7	8
17,29	8	122	27	602	10	7	7
17,30	14	121	27	603	10	7	7
17,31	7	121	26	604	10	7	7
17,31	11	120	26	606	10	7	7
17,32	10	120	26	607	10	7	7
17,33	12	119	25	609	10	6	7
17,34	13	119	25	610	9	6	7
17,35	5	119	25	611	9	6	6
17,35	13	118	24	613	9	6	6
