Energie	Impulse
E/keV	Impulse/#

3,21	0
3,22	0
3,23	0
3,24	0
3,24	0
3,25	0
3,26	0
3,27	0
3,28	0
3,28	0
3,29	0
3,30	0
3,31	0
3,32	0
3,32	0
3,33	0
3,34	0
3,35	0
3,36	0
3,36	0
3,37	0
3,38	0
3,39	0
3,40	0
3,40	0
3,41	0
3,42	0
3,43	0
3,44	0
3,44	0
3,45	0
3,46	0
3,47	0
3,48	0
3,48	0
3,49	0
3,50	0
3,51	0
3,51	0
3,52	0
3,53	0
3,54	0
3,55	0
3,55	0
3,56	0
3,57	0
3,58	0
3,59	0
3,59	0
3,60	0
3,61	0
3,62	0
3,63	0
3,63	0
3,64	0
3,65	0
3,66	0
3,67	0
3,67	0
3,68	0
3,69	0
3,70	0
3,71	0
3,71	0
3,72	0
3,73	0
3,74	0
3,75	2
3,75	1
3,76	0
3,77	0
3,78	0
3,79	0
3,79	1
3,80	1
3,81	0
3,82	1
3,83	0
3,83	1
3,84	1
3,85	0
3,86	1
3,87	2
3,87	1
3,88	4
3,89	4
3,90	1
3,91	0
3,91	0
3,92	0
3,93	0
3,94	1
3,94	4
3,95	2
3,96	1
3,97	1
3,98	2
3,98	2
3,99	2
4,00	1
4,01	3
4,02	1
4,02	0
4,03	5
4,04	4
4,05	1
4,06	3
4,06	4
4,07	3
4,08	1
4,09	0
4,10	2
4,10	1
4,11	0
4,12	0
4,13	4
4,14	1
4,14	1
4,15	0
4,16	1
4,17	2
4,18	0
4,18	0
4,19	2
4,20	0
4,21	2
4,22	1
4,22	0
4,23	1
4,24	0
4,25	1
4,26	1
4,26	2
4,27	2
4,28	0
4,29	2
4,30	0
4,30	0
4,31	1
4,32	2
4,33	3
4,34	1
4,34	0
4,35	1
4,36	0
4,37	0
4,37	1
4,38	4
4,39	1
4,40	2
4,41	1
4,41	0
4,42	1
4,43	4
4,44	2
4,45	3
4,45	1
4,46	3
4,47	1
4,48	2
4,49	0
4,49	1
4,50	1
4,51	1
4,52	1
4,53	1
4,53	0
4,54	1
4,55	0
4,56	4
4,57	3
4,57	1
4,58	2
4,59	4
4,60	1
4,61	1
4,61	0
4,62	1
4,63	0
4,64	2
4,65	1
4,65	1
4,66	0
4,67	2
4,68	2
4,69	3
4,69	1
4,70	3
4,71	1
4,72	0
4,73	1
4,73	0
4,74	1
4,75	1
4,76	0
4,77	1
4,77	0
4,78	1
4,79	0
4,80	0
4,80	2
4,81	1
4,82	3
4,83	0
4,84	2
4,84	0
4,85	0
4,86	1
4,87	3
4,88	1
4,88	1
4,89	3
4,90	2
4,91	0
4,92	0
4,92	0
4,93	0
4,94	1
4,95	0
4,96	1
4,96	0
4,97	1
4,98	2
4,99	2
5,00	2
5,00	1
5,01	2
5,02	3
5,03	3
5,04	1
5,04	2
5,05	0
5,06	3
5,07	1
5,08	1
5,08	4
5,09	3
5,10	0
5,11	2
5,12	1
5,12	0
5,13	1
5,14	2
5,15	0
5,16	3
5,16	1
5,17	6
5,18	1
5,19	0
5,20	1
5,20	2
5,21	0
5,22	2
5,23	0
5,23	2
5,24	0
5,25	0
5,26	0
5,27	0
5,27	2
5,28	2
5,29	2
5,30	4
5,31	3
5,31	0
5,32	5
5,33	2
5,34	4
5,35	2
5,35	1
5,36	1
5,37	1
5,38	3
5,39	0
5,39	2
5,40	2
5,41	1
5,42	2
5,43	2
5,43	1
5,44	1
5,45	2
5,46	1
5,47	3
5,47	3
5,48	1
5,49	1
5,50	2
5,51	1
5,51	2
5,52	2
5,53	3
5,54	2
5,55	1
5,55	4
5,56	3
5,57	2
5,58	2
5,59	0
5,59	1
5,60	1
5,61	4
5,62	1
5,63	0
5,63	1
5,64	0
5,65	2
5,66	2
5,66	1
5,67	1
5,68	1
5,69	0
5,70	0
5,70	0
5,71	1
5,72	0
5,73	6
5,74	1
5,74	0
5,75	1
5,76	0
5,77	3
5,78	0
5,78	0
5,79	1
5,80	1
5,81	5
5,82	1
5,82	2
5,83	0
5,84	2
5,85	5
5,86	2
5,86	0
5,87	3
5,88	1
5,89	1
5,90	1
5,90	1
5,91	0
5,92	1
5,93	4
5,94	3
5,94	3
5,95	1
5,96	3
5,97	0
5,98	0
5,98	0
5,99	2
6,00	1
6,01	0
6,02	1
6,02	1
6,03	1
6,04	1
6,05	3
6,06	1
6,06	3
6,07	1
6,08	0
6,09	1
6,09	1
6,10	2
6,11	0
6,12	0
6,13	4
6,13	4
6,14	5
6,15	0
6,16	0
6,17	5
6,17	0
6,18	0
6,19	1
6,20	0
6,21	1
6,21	0
6,22	0
6,23	1
6,24	1
6,25	1
6,25	0
6,26	3
6,27	1
6,28	2
6,29	3
6,29	1
6,30	6
6,31	1
6,32	1
6,33	2
6,33	0
6,34	1
6,35	2
6,36	0
6,37	2
6,37	0
6,38	3
6,39	0
6,40	0
6,41	2
6,41	2
6,42	3
6,43	3
6,44	1
6,45	1
6,45	0
6,46	2
6,47	2
6,48	2
6,49	0
6,49	2
6,50	3
6,51	1
6,52	2
6,52	3
6,53	2
6,54	1
6,55	0
6,56	2
6,56	3
6,57	2
6,58	0
6,59	1
6,60	0
6,60	2
6,61	2
6,62	3
6,63	2
6,64	0
6,64	1
6,65	2
6,66	1
6,67	2
6,68	1
6,68	1
6,69	0
6,70	3
6,71	0
6,72	1
6,72	2
6,73	2
6,74	4
6,75	1
6,76	1
6,76	1
6,77	0
6,78	0
6,79	0
6,80	4
6,80	3
6,81	5
6,82	1
6,83	1
6,84	6
6,84	0
6,85	4
6,86	0
6,87	3
6,88	2
6,88	2
6,89	3
6,90	1
6,91	2
6,91	1
6,92	0
6,93	1
6,94	4
6,95	2
6,95	2
6,96	1
6,97	0
6,98	1
6,99	1
6,99	2
7,00	1
7,01	4
7,02	2
7,03	1
7,03	2
7,04	1
7,05	1
7,06	1
7,07	3
7,07	0
7,08	5
7,09	1
7,10	0
7,11	4
7,11	1
7,12	3
7,13	4
7,14	1
7,15	1
7,15	0
7,16	3
7,17	2
7,18	2
7,19	1
7,19	1
7,20	2
7,21	1
7,22	1
7,23	5
7,23	1
7,24	1
7,25	1
7,26	1
7,27	0
7,27	1
7,28	2
7,29	1
7,30	1
7,31	1
7,31	0
7,32	5
7,33	2
7,34	1
7,34	1
7,35	1
7,36	2
7,37	1
7,38	2
7,38	2
7,39	2
7,40	3
7,41	1
7,42	1
7,42	0
7,43	1
7,44	1
7,45	3
7,46	1
7,46	3
7,47	5
7,48	3
7,49	3
7,50	1
7,50	6
7,51	8
7,52	1
7,53	0
7,54	0
7,54	0
7,55	3
7,56	3
7,57	1
7,58	3
7,58	3
7,59	3
7,60	3
7,61	4
7,62	1
7,62	3
7,63	2
7,64	4
7,65	1
7,66	3
7,66	4
7,67	1
7,68	6
7,69	3
7,70	2
7,70	2
7,71	2
7,72	2
7,73	1
7,74	1
7,74	2
7,75	5
7,76	2
7,77	5
7,77	4
7,78	2
7,79	3
7,80	0
7,81	3
7,81	3
7,82	3
7,83	6
7,84	3
7,85	4
7,85	5
7,86	3
7,87	3
7,88	3
7,89	1
7,89	3
7,90	2
7,91	3
7,92	1
7,93	1
7,93	1
7,94	3
7,95	6
7,96	0
7,97	2
7,97	3
7,98	4
7,99	3
8,00	1
8,01	4
8,01	3
8,02	2
8,03	2
8,04	5
8,05	0
8,05	4
8,06	2
8,07	3
8,08	1
8,09	5
8,09	0
8,10	5
8,11	2
8,12	6
8,13	5
8,13	1
8,14	2
8,15	2
8,16	2
8,17	3
8,17	3
8,18	1
8,19	3
8,20	6
8,20	2
8,21	2
8,22	2
8,23	6
8,24	1
8,24	2
8,25	4
8,26	4
8,27	2
8,28	3
8,28	4
8,29	3
8,30	4
8,31	0
8,32	2
8,32	5
8,33	1
8,34	2
8,35	2
8,36	3
8,36	3
8,37	3
8,38	2
8,39	1
8,40	1
8,40	2
8,41	2
8,42	1
8,43	0
8,44	2
8,44	4
8,45	2
8,46	6
8,47	0
8,48	3
8,48	2
8,49	3
8,50	1
8,51	2
8,52	0
8,52	6
8,53	2
8,54	1
8,55	1
8,56	1
8,56	3
8,57	2
8,58	4
8,59	1
8,60	0
8,60	3
8,61	2
8,62	4
8,63	1
8,63	2
8,64	3
8,65	1
8,66	0
8,67	3
8,67	3
8,68	2
8,69	2
8,70	3
8,71	4
8,71	3
8,72	2
8,73	3
8,74	6
8,75	3
8,75	1
8,76	3
8,77	1
8,78	2
8,79	2
8,79	4
8,80	3
8,81	3
8,82	1
8,83	2
8,83	1
8,84	1
8,85	2
8,86	2
8,87	3
8,87	3
8,88	7
8,89	7
8,90	1
8,91	2
8,91	1
8,92	1
8,93	2
8,94	3
8,95	9
8,95	3
8,96	2
8,97	6
8,98	1
8,99	1
8,99	0
9,00	1
9,01	1
9,02	4
9,03	1
9,03	0
9,04	0
9,05	1
9,06	1
9,06	0
9,07	3
9,08	2
9,09	4
9,10	3
9,10	3
9,11	1
9,12	3
9,13	1
9,14	4
9,14	3
9,15	5
9,16	4
9,17	2
9,18	3
9,18	1
9,19	1
9,20	1
9,21	1
9,22	1
9,22	0
9,23	1
9,24	3
9,25	2
9,26	2
9,26	3
9,27	2
9,28	5
9,29	3
9,30	1
9,30	3
9,31	2
9,32	2
9,33	2
9,34	3
9,34	4
9,35	2
9,36	1
9,37	0
9,38	1
9,38	2
9,39	1
9,40	1
9,41	2
9,42	2
9,42	4
9,43	2
9,44	2
9,45	1
9,46	3
9,46	3
9,47	2
9,48	3
9,49	4
9,49	1
9,50	2
9,51	2
9,52	5
9,53	1
9,53	1
9,54	3
9,55	3
9,56	1
9,57	2
9,57	3
9,58	2
9,59	1
9,60	1
9,61	1
9,61	1
9,62	1
9,63	1
9,64	2
9,65	0
9,65	3
9,66	4
9,67	0
9,68	2
9,69	1
9,69	2
9,70	0
9,71	0
9,72	3
9,73	1
9,73	5
9,74	1
9,75	1
9,76	1
9,77	2
9,77	2
9,78	3
9,79	2
9,80	0
9,81	3
9,81	3
9,82	2
9,83	0
9,84	3
9,85	2
9,85	1
9,86	4
9,87	1
9,88	1
9,88	7
9,89	4
9,90	0
9,91	1
9,92	2
9,92	2
9,93	1
9,94	1
9,95	2
9,96	2
9,96	2
9,97	1
9,98	1
9,99	2
10,00	1
10,00	2
10,01	0
10,02	2
10,03	2
10,04	0
10,04	4
10,05	5
10,06	3
10,07	0
10,08	1
10,08	1
10,09	2
10,10	0
10,11	1
10,12	0
10,12	2
10,13	6
10,14	3
10,15	2
10,16	2
10,16	2
10,17	1
10,18	2
10,19	1
10,20	2
10,20	0
10,21	2
10,22	3
10,23	4
10,24	2
10,24	2
10,25	0
10,26	0
10,27	2
10,28	2
10,28	2
10,29	0
10,30	0
10,31	2
10,31	0
10,32	1
10,33	4
10,34	3
10,35	1
10,35	5
10,36	3
10,37	1
10,38	2
10,39	2
10,39	3
10,40	1
10,41	1
10,42	2
10,43	3
10,43	3
10,44	0
10,45	1
10,46	2
10,47	2
10,47	2
10,48	1
10,49	5
10,50	2
10,51	1
10,51	1
10,52	4
10,53	5
10,54	2
10,55	4
10,55	1
10,56	4
10,57	0
10,58	3
10,59	3
10,59	3
10,60	2
10,61	1
10,62	2
10,63	3
10,63	3
10,64	3
10,65	6
10,66	1
10,67	4
10,67	0
10,68	1
10,69	3
10,70	2
10,71	1
10,71	4
10,72	5
10,73	4
10,74	2
10,74	2
10,75	3
10,76	2
10,77	2
10,78	8
10,78	4
10,79	1
10,80	7
10,81	2
10,82	2
10,82	1
10,83	1
10,84	3
10,85	2
10,86	2
10,86	2
10,87	2
10,88	2
10,89	3
10,90	3
10,90	2
10,91	3
10,92	3
10,93	0
10,94	2
10,94	2
10,95	1
10,96	1
10,97	4
10,98	2
10,98	3
10,99	7
11,00	5
11,01	4
11,02	1
11,02	2
11,03	1
11,04	2
11,05	4
11,06	2
11,06	2
11,07	1
11,08	3
11,09	3
11,10	3
11,10	5
11,11	1
11,12	0
11,13	2
11,14	2
11,14	4
11,15	0
11,16	5
11,17	2
11,17	1
11,18	3
11,19	2
11,20	2
11,21	5
11,21	6
11,22	6
11,23	3
11,24	4
11,25	4
11,25	3
11,26	9
11,27	3
11,28	4
11,29	8
11,29	3
11,30	5
11,31	5
11,32	6
11,33	6
11,33	3
11,34	4
11,35	5
11,36	4
11,37	0
11,37	3
11,38	6
11,39	12
11,40	7
11,41	4
11,41	8
11,42	4
11,43	4
11,44	8
11,45	3
11,45	1
11,46	2
11,47	3
11,48	5
11,49	5
11,49	2
11,50	2
11,51	10
11,52	4
11,53	7
11,53	3
11,54	7
11,55	6
11,56	3
11,57	6
11,57	9
11,58	5
11,59	5
11,60	3
11,60	4
11,61	6
11,62	4
11,63	7
11,64	8
11,64	8
11,65	8
11,66	7
11,67	5
11,68	4
11,68	3
11,69	6
11,70	11
11,71	8
11,72	8
11,72	5
11,73	9
11,74	7
11,75	4
11,76	3
11,76	8
11,77	9
11,78	4
11,79	8
11,80	6
11,80	10
11,81	12
11,82	10
11,83	8
11,84	13
11,84	9
11,85	8
11,86	9
11,87	17
11,88	13
11,88	7
11,89	17
11,90	13
11,91	10
11,92	9
11,92	12
11,93	4
11,94	11
11,95	6
11,96	15
11,96	11
11,97	16
11,98	7
11,99	15
12,00	12
12,00	13
12,01	18
12,02	10
12,03	13
12,03	17
12,04	11
12,05	24
12,06	11
12,07	13
12,07	23
12,08	14
12,09	15
12,10	16
12,11	18
12,11	18
12,12	21
12,13	24
12,14	16
12,15	28
12,15	22
12,16	22
12,17	13
12,18	17
12,19	25
12,19	18
12,20	26
12,21	15
12,22	12
12,23	29
12,23	24
12,24	19
12,25	21
12,26	20
12,27	27
12,27	22
12,28	30
12,29	21
12,30	25
12,31	34
12,31	25
12,32	17
12,33	28
12,34	21
12,35	27
12,35	18
12,36	33
12,37	30
12,38	28
12,39	13
12,39	22
12,40	28
12,41	15
12,42	33
12,43	19
12,43	36
12,44	33
12,45	20
12,46	30
12,46	28
12,47	34
12,48	31
12,49	29
12,50	26
12,50	23
12,51	27
12,52	28
12,53	42
12,54	37
12,54	33
12,55	37
12,56	40
12,57	34
12,58	35
12,58	28
12,59	25
12,60	37
12,61	26
12,62	36
12,62	36
12,63	47
12,64	21
12,65	34
12,66	39
12,66	41
12,67	43
12,68	31
12,69	47
12,70	37
12,70	38
12,71	43
12,72	34
12,73	44
12,74	37
12,74	49
12,75	35
12,76	43
12,77	34
12,78	32
12,78	50
12,79	47
12,80	50
12,81	40
12,82	46
12,82	41
12,83	24
12,84	55
12,85	41
12,85	68
12,86	38
12,87	45
12,88	55
12,89	46
12,89	36
12,90	49
12,91	45
12,92	59
12,93	48
12,93	51
12,94	63
12,95	42
12,96	49
12,97	46
12,97	42
12,98	44
12,99	54
13,00	46
13,01	47
13,01	49
13,02	43
13,03	48
13,04	58
13,05	55
13,05	44
13,06	37
13,07	61
13,08	38
13,09	50
13,09	63
13,10	36
13,11	68
13,12	57
13,13	55
13,13	58
13,14	67
13,15	40
13,16	63
13,17	46
13,17	59
13,18	65
13,19	55
13,20	66
13,21	50
13,21	55
13,22	63
13,23	36
13,24	62
13,25	61
13,25	49
13,26	67
13,27	59
13,28	56
13,28	66
13,29	57
13,30	62
13,31	53
13,32	52
13,32	75
13,33	62
13,34	49
13,35	80
13,36	45
13,36	76
13,37	62
13,38	57
13,39	61
13,40	92
13,40	45
13,41	61
13,42	51
13,43	65
13,44	68
13,44	61
13,45	71
13,46	55
13,47	59
13,48	71
13,48	58
13,49	66
13,50	67
13,51	65
13,52	67
13,52	69
13,53	67
13,54	68
13,55	76
13,56	86
13,56	81
13,57	67
13,58	73
13,59	60
13,60	60
13,60	91
13,61	54
13,62	81
13,63	62
13,64	90
13,64	83
13,65	88
13,66	54
13,67	78
13,68	76
13,68	83
13,69	71
13,70	87
13,71	91
13,71	73
13,72	60
13,73	87
13,74	74
13,75	83
13,75	101
13,76	98
13,77	81
13,78	83
13,79	85
13,79	91
13,80	101
13,81	93
13,82	91
13,83	80
13,83	100
13,84	77
13,85	79
13,86	94
13,87	78
13,87	97
13,88	86
13,89	116
13,90	70
13,91	125
13,91	74
13,92	96
13,93	111
13,94	99
13,95	109
13,95	83
13,96	115
13,97	87
13,98	104
13,99	93
13,99	85
14,00	106
14,01	121
14,02	114
14,03	119
14,03	115
14,04	83
14,05	111
14,06	109
14,07	123
14,07	98
14,08	84
14,09	115
14,10	124
14,11	116
14,11	131
14,12	108
14,13	116
14,14	92
14,14	123
14,15	138
14,16	113
14,17	110
14,18	119
14,18	134
14,19	125
14,20	155
14,21	101
14,22	139
14,22	146
14,23	102
14,24	148
14,25	121
14,26	136
14,26	151
14,27	140
14,28	140
14,29	158
14,30	98
14,30	133
14,31	139
14,32	149
14,33	150
14,34	128
14,34	162
14,35	128
14,36	111
14,37	160
14,38	116
14,38	155
14,39	145
14,40	127
14,41	135
14,42	169
14,42	113
14,43	152
14,44	145
14,45	144
14,46	159
14,46	106
14,47	168
14,48	121
14,49	164
14,50	156
14,50	135
14,51	163
14,52	185
14,53	145
14,54	166
14,54	124
14,55	159
14,56	135
14,57	166
14,57	147
14,58	139
14,59	117
14,60	187
14,61	135
14,61	137
14,62	178
14,63	139
14,64	181
14,65	179
14,65	166
14,66	159
14,67	204
14,68	134
14,69	151
14,69	168
14,70	138
14,71	188
14,72	157
14,73	183
14,73	141
14,74	129
14,75	190
14,76	155
14,77	177
14,77	171
14,78	160
14,79	169
14,80	133
14,81	162
14,81	149
14,82	166
14,83	179
14,84	159
14,85	152
14,85	182
14,86	152
14,87	134
14,88	179
14,89	144
14,89	189
14,90	163
14,91	158
14,92	147
14,93	179
14,93	116
14,94	142
14,95	164
14,96	151
14,97	180
14,97	151
14,98	160
14,99	133
15,00	169
15,00	204
15,01	145
15,02	158
15,03	182
15,04	136
15,04	155
15,05	153
15,06	133
15,07	156
15,08	133
15,08	160
15,09	154
15,10	143
15,11	198
15,12	118
15,12	139
15,13	173
15,14	115
15,15	175
15,16	139
15,16	143
15,17	188
15,18	168
15,19	132
15,20	131
15,20	151
15,21	142
15,22	172
15,23	117
15,24	150
15,24	142
15,25	109
15,26	154
15,27	140
15,28	120
15,28	138
15,29	136
15,30	131
15,31	126
15,32	127
15,32	155
15,33	132
15,34	141
15,35	132
15,36	109
15,36	177
15,37	111
15,38	97
15,39	146
15,40	89
15,40	138
15,41	113
15,42	118
15,43	129
15,43	121
15,44	98
15,45	121
15,46	109
15,47	106
15,47	128
15,48	101
15,49	140
15,50	94
15,51	119
15,51	151
15,52	94
15,53	102
15,54	115
15,55	115
15,55	111
15,56	94
15,57	99
15,58	90
15,59	94
15,59	122
15,60	105
15,61	77
15,62	132
15,63	88
15,63	101
15,64	127
15,65	88
15,66	133
15,67	91
15,67	118
15,68	102
15,69	86
15,70	96
15,71	87
15,71	84
15,72	85
15,73	105
15,74	66
15,75	83
15,75	80
15,76	62
15,77	107
15,78	65
15,79	92
15,79	104
15,80	96
15,81	77
15,82	78
15,83	74
15,83	78
15,84	81
15,85	81
15,86	89
15,86	61
15,87	85
15,88	77
15,89	49
15,90	96
15,90	49
15,91	88
15,92	72
15,93	66
15,94	81
15,94	65
15,95	63
15,96	70
15,97	69
15,98	59
15,98	90
15,99	54
16,00	74
16,01	35
16,02	71
16,02	81
16,03	50
16,04	48
16,05	76
16,06	63
16,06	45
16,07	55
16,08	49
16,09	62
16,10	42
16,10	54
16,11	61
16,12	52
16,13	52
16,14	37
16,14	60
16,15	53
16,16	29
16,17	58
16,18	47
16,18	46
16,19	62
16,20	48
16,21	42
16,22	44
16,22	38
16,23	41
16,24	39
16,25	41
16,25	40
16,26	47
16,27	39
16,28	51
16,29	34
16,29	48
16,30	40
16,31	52
16,32	57
16,33	39
16,33	42
16,34	35
16,35	34
16,36	45
16,37	39
16,37	28
16,38	37
16,39	40
16,40	28
16,41	38
16,41	27
16,42	45
16,43	35
16,44	28
16,45	27
16,45	48
16,46	16
16,47	29
16,48	46
16,49	30
16,49	42
16,50	31
16,51	28
16,52	23
16,53	44
16,53	34
16,54	18
16,55	34
16,56	30
16,57	27
16,57	25
16,58	31
16,59	21
16,60	29
16,61	42
16,61	27
16,62	29
16,63	30
16,64	33
16,65	26
16,65	16
16,66	45
16,67	18
16,68	33
16,68	27
16,69	28
16,70	23
16,71	26
16,72	19
16,72	21
16,73	29
16,74	32
16,75	34
16,76	19
16,76	16
16,77	25
16,78	18
16,79	29
16,80	21
16,80	18
16,81	24
16,82	19
16,83	22
16,84	17
16,84	16
16,85	21
16,86	22
16,87	22
16,88	25
16,88	14
16,89	20
16,90	14
16,91	18
16,92	17
16,92	13
16,93	20
16,94	27
16,95	19
16,96	19
16,96	11
16,97	12
16,98	23
16,99	14
17,00	19
17,00	30
17,01	20
17,02	19
17,03	16
17,04	24
17,04	25
17,05	14
17,06	15
17,07	19
17,08	15
17,08	17
17,09	17
17,10	22
17,11	17
17,11	21
17,12	7
17,13	16
17,14	15
17,15	12
17,15	11
17,16	18
17,17	19
17,18	14
17,19	18
17,19	11
17,20	16
17,21	11
17,22	15
17,23	8
17,23	9
17,24	13
17,25	9
17,26	15
17,27	9
17,27	15
17,28	7
17,29	8
17,30	14
17,31	7
17,31	11
17,32	10
17,33	12
17,34	13
17,35	5
17,35	13
17,36	11
17,37	7
17,38	8
17,39	12
17,39	6
17,40	15
17,41	8
17,42	11
17,43	8
17,43	7
17,44	15
17,45	12
17,46	3
17,47	6
17,47	14
17,48	7
17,49	10
17,50	5
17,51	7
17,51	7
17,52	6
17,53	10
17,54	7
17,54	5
17,55	10
17,56	3
17,57	3
17,58	5
17,58	2
17,59	6
17,60	5
17,61	4
17,62	6
17,62	8
17,63	7
17,64	5
17,65	5
17,66	4
17,66	5
17,67	7
17,68	9
17,69	3
17,70	5
17,70	4
17,71	7
17,72	5
17,73	7
17,74	4
17,74	6
17,75	4
17,76	4
17,77	4
17,78	0
17,78	2
17,79	2
17,80	5
17,81	1
17,82	3
17,82	2
17,83	5
17,84	4
17,85	4
17,86	3
17,86	3
17,87	1
17,88	0
17,89	4
17,90	2
17,90	7
17,91	5
17,92	4
17,93	1
17,94	3
17,94	3
17,95	3
17,96	2
17,97	0
17,97	2
17,98	1
17,99	3
18,00	1
18,01	1
18,01	1
18,02	2
18,03	2
18,04	0
18,05	3
18,05	3
18,06	1
18,07	2
18,08	0
18,09	0
18,09	1
18,10	0
18,11	1
18,12	2
18,13	1
18,13	1
18,14	0
18,15	3
18,16	1
18,17	4
18,17	1
18,18	1
18,19	1
18,20	1
18,21	3
18,21	0
18,22	1
18,23	0
18,24	0
18,25	1
18,25	1
18,26	2
18,27	0
18,28	0
18,29	1
18,29	1
18,30	1
18,31	0
18,32	1
18,33	0
18,33	1
18,34	1
18,35	1
18,36	0
18,37	0
18,37	2
18,38	1
18,39	0
18,40	1
18,40	1
18,41	0
18,42	2
18,43	0
18,44	1
18,44	1
18,45	0
18,46	0
18,47	0
18,48	0
18,48	0
18,49	0
18,50	0
18,51	0
18,52	1
18,52	0
18,53	0
18,54	1
18,55	1
18,56	2
18,56	0
18,57	0
18,58	1
18,59	0
18,60	0
18,60	0
18,61	0
18,62	1
18,63	2
18,64	0
18,64	0
18,65	0
18,66	0
18,67	0
18,68	0
18,68	2
18,69	0
18,70	0
18,71	1
18,72	0
18,72	0
18,73	1
18,74	0
18,75	1
18,76	1
18,76	0
18,77	2
18,78	1
18,79	0
18,80	0
18,80	0
18,81	0
18,82	0
18,83	0
18,83	0
18,84	1
18,85	1
18,86	0
18,87	0
18,87	0
18,88	1
18,89	0
18,90	0
18,91	0
18,91	0
18,92	0
18,93	1
18,94	0
18,95	0
18,95	0
18,96	0
18,97	0
18,98	0
18,99	0
18,99	1
19,00	1
19,01	2
19,02	0
19,03	1
19,03	0
19,04	0
19,05	0
19,06	0
19,07	0
19,07	0
19,08	0
19,09	0
19,10	0
19,11	0
19,11	1
19,12	0
19,13	1
19,14	0
19,15	0
19,15	0
19,16	1
19,17	0
19,18	0
19,19	0
19,19	1
19,20	2
19,21	0
19,22	0
19,23	0
19,23	1
19,24	1
19,25	1
19,26	0
19,26	0
19,27	0
19,28	0
19,29	0
19,30	0
19,30	1
19,31	1
19,32	0
19,33	1
19,34	1
19,34	1
19,35	0
19,36	0
19,37	0
19,38	0
19,38	0
19,39	1
19,40	0
19,41	0
19,42	0
19,42	0
19,43	0
19,44	0
19,45	1
19,46	0
19,46	0
19,47	0
19,48	0
19,49	0
19,50	0
19,50	0
19,51	0
19,52	0
19,53	0
19,54	0
19,54	2
19,55	0
19,56	0
19,57	1
19,58	0
19,58	0
19,59	1
19,60	0
19,61	0
19,62	1
19,62	0
19,63	0
19,64	0
19,65	0
19,65	0
19,66	0
19,67	1
19,68	1
19,69	1
19,69	0
19,70	0
19,71	1
19,72	0
19,73	1
19,73	1
19,74	0
19,75	0
19,76	0
19,77	0
19,77	0
19,78	0
19,79	0
19,80	1
19,81	1
19,81	0
19,82	0
19,83	0
19,84	0
19,85	1
19,85	1
19,86	1
19,87	0
19,88	0
19,89	0
19,89	0
19,90	0
19,91	0
19,92	1
19,93	1
19,93	0
19,94	0
19,95	0
19,96	2
19,97	0
19,97	1
19,98	0
19,99	0
20,00	0
20,01	0
20,01	1
20,02	0
20,03	1
20,04	0
20,05	0
20,05	0
20,06	0
20,07	0
20,08	1
20,08	0
20,09	0
20,10	1
20,11	0
20,12	0
20,12	0
20,13	1
20,14	1
20,15	0
20,16	1
20,16	0
20,17	1
20,18	0
20,19	0
20,20	1
20,20	0
20,21	0
20,22	0
20,23	0
20,24	0
20,24	1
20,25	0
20,26	1
20,27	0
20,28	0
20,28	0
20,29	0
20,30	1
20,31	1
20,32	1
20,32	0
20,33	0
20,34	0
20,35	0
20,36	1
20,36	0
20,37	0
20,38	0
20,39	0
20,40	1
20,40	0
20,41	0
20,42	0
20,43	0
20,44	0
20,44	0
20,45	0
20,46	0
20,47	0
20,48	0
20,48	1
20,49	0
20,50	0
20,51	0
20,51	0
20,52	1
20,53	0
20,54	0
20,55	0
20,55	1
20,56	1
20,57	1
20,58	0
20,59	0
20,59	0
20,60	1
20,61	1
20,62	1
20,63	0
20,63	0
20,64	0
20,65	1
20,66	0
20,67	0
20,67	1
20,68	0
20,69	0
20,70	0
20,71	0
20,71	2
20,72	0
20,73	0
20,74	0
20,75	0
20,75	0
20,76	1
20,77	0
20,78	1
20,79	0
20,79	0
20,80	0
20,81	1
20,82	0
20,83	1
20,83	3
20,84	0
20,85	0
20,86	0
20,87	1
20,87	1
20,88	0
20,89	1
20,90	1
20,91	0
20,91	0
20,92	1
20,93	0
20,94	0
20,94	0
20,95	0
20,96	1
20,97	0
20,98	0
20,98	0
20,99	0
21,00	0
21,01	0
21,02	0
21,02	1
21,03	1
21,04	0
21,05	1
21,06	0
21,06	0
21,07	0
21,08	0
21,09	0
21,10	2
21,10	0
21,11	0
21,12	0
21,13	0
21,14	1
21,14	0
21,15	0
21,16	0
21,17	0
21,18	0
21,18	0
21,19	1
21,20	1
21,21	0
21,22	0
21,22	1
21,23	0
21,24	0
21,25	0
21,26	0
21,26	0
21,27	0
21,28	0
21,29	0
21,30	0
21,30	0
21,31	0
21,32	0
21,33	0
21,34	0
21,34	0
21,35	1
21,36	1
21,37	1
21,37	1
21,38	0
21,39	0
21,40	0
21,41	0
21,41	0
21,42	0
21,43	0
21,44	0
21,45	1
21,45	1
21,46	0
21,47	0
21,48	0
21,49	0
21,49	0
21,50	0
21,51	0
21,52	2
21,53	0
21,53	0
21,54	0
21,55	1
21,56	0
21,57	1
21,57	0
21,58	0
21,59	0
21,60	0
21,61	0
21,61	0
21,62	0
21,63	0
21,64	0
21,65	1
21,65	0
21,66	1
21,67	0
21,68	0
21,69	0
21,69	1
21,70	1
21,71	1
21,72	0
21,73	0
21,73	0
21,74	0
21,75	0
21,76	0
21,77	0
21,77	0
21,78	0
21,79	1
21,80	0
21,80	1
21,81	0
21,82	0
21,83	0
21,84	0
21,84	1
21,85	0
21,86	0
21,87	0
21,88	0
21,88	0
21,89	1
21,90	0
21,91	0
21,92	0
21,92	0
21,93	0
21,94	0
21,95	1
21,96	1
21,96	0
21,97	0
21,98	0
21,99	1
22,00	1
22,00	0
22,01	0
22,02	0
22,03	0
22,04	0
22,04	0
22,05	0
22,06	0
22,07	0
22,08	0
22,08	1
22,09	0
22,10	0
22,11	1
22,12	0
22,12	0
22,13	0
22,14	0
22,15	0
22,16	0
22,16	2
22,17	0
22,18	2
22,19	0
22,20	0
22,20	0
22,21	1
22,22	0
22,23	0
22,23	0
22,24	0
22,25	0
22,26	1
22,27	0
22,27	0
22,28	0
22,29	0
22,30	0
22,31	0
22,31	3
22,32	0
22,33	0
22,34	0
22,35	0
22,35	0
22,36	0
22,37	0
22,38	1
22,39	0
22,39	0
22,40	0
22,41	0
22,42	0
22,43	0
22,43	1
22,44	0
22,45	0
22,46	0
22,47	0
22,47	0
22,48	0
22,49	0
22,50	0
22,51	0
22,51	2
22,52	2
22,53	1
22,54	0
22,55	0
22,55	0
22,56	0
22,57	0
22,58	1
22,59	1
22,59	0
22,60	0
22,61	1
22,62	0
22,62	0
22,63	0
22,64	0
22,65	0
22,66	0
22,66	0
22,67	0
22,68	0
22,69	0
22,70	0
22,70	0
22,71	0
22,72	0
22,73	2
22,74	1
22,74	0
22,75	1
22,76	0
22,77	1
22,78	1
22,78	0
22,79	0
22,80	0
22,81	0
22,82	0
22,82	0
22,83	0
22,84	1
22,85	2
22,86	0
22,86	1
22,87	0
22,88	1
22,89	0
22,90	0
22,90	1
22,91	0
22,92	0
22,93	2
22,94	0
22,94	0
22,95	0
22,96	1
22,97	2
22,98	0
22,98	0
22,99	0
23,00	0
23,01	0
23,02	0
23,02	0
23,03	0
23,04	0
23,05	0
23,05	0
23,06	0
23,07	0
23,08	0
23,09	0
23,09	0
23,10	0
23,11	0
23,12	0
23,13	0
23,13	0
23,14	0
23,15	0
23,16	0
23,17	0
23,17	0
23,18	0
23,19	0
23,20	1
23,21	0
23,21	0
23,22	0
23,23	0
23,24	0
23,25	0
23,25	0
23,26	0
23,27	0
23,28	0
23,29	1
23,29	1
23,30	0
23,31	0
23,32	0
23,33	1
23,33	1
23,34	1
23,35	0
23,36	0
23,37	0
23,37	0
23,38	0
23,39	1
23,40	1
23,41	0
23,41	0
23,42	0
23,43	0
23,44	0
23,45	0
23,45	0
23,46	2
23,47	0
23,48	0
23,48	0
23,49	0
23,50	1
23,51	2
23,52	0
23,52	0
23,53	0
23,54	0
23,55	0
23,56	0
23,56	0
23,57	0
23,58	0
23,59	0
23,60	1
23,60	1
23,61	0
23,62	0
23,63	0
23,64	1
23,64	0
23,65	0
23,66	0
23,67	0
23,68	0
23,68	0
23,69	0
23,70	0
23,71	0
23,72	0
23,72	0
23,73	0
23,74	0
23,75	1
23,76	0
23,76	1
23,77	0
23,78	0
23,79	0
23,80	0
23,80	0
23,81	1
23,82	0
23,83	0
23,84	0
23,84	0
23,85	0
23,86	0
23,87	0
23,88	0
23,88	0
23,89	0
23,90	0
23,91	1
23,91	0
23,92	0
23,93	0
23,94	0
23,95	0
23,95	1
23,96	0
23,97	0
23,98	0
23,99	0
23,99	0
24,00	0
24,01	0
24,02	0
24,03	0
24,03	1
24,04	0
24,05	0
24,06	0
24,07	0
24,07	0
24,08	0
24,09	0
24,10	1
24,11	0
24,11	0
24,12	0
24,13	0
24,14	0
24,15	1
24,15	0
24,16	0
24,17	1
24,18	0
24,19	1
24,19	0
24,20	0
24,21	0
24,22	0
24,23	0
24,23	0
24,24	0
24,25	1
24,26	0
24,27	1
24,27	0
24,28	0
24,29	0
24,30	0
24,31	0
24,31	0
24,32	0
24,33	0
24,34	0
24,34	0
24,35	0
24,36	1
24,37	0
24,38	0
24,38	0
24,39	0
24,40	0
24,41	0
24,42	0
24,42	0
24,43	1
24,44	0
24,45	0
24,46	1
24,46	0
24,47	1
24,48	0
24,49	0
24,50	0
24,50	0
24,51	0
24,52	0
24,53	0
24,54	1
24,54	0
24,55	1
24,56	0
24,57	0
24,58	0
24,58	0
24,59	0
24,60	0
24,61	0
24,62	1
24,62	0
24,63	0
24,64	0
24,65	0
24,66	0
24,66	1
24,67	0
24,68	0
24,69	0
24,70	0
24,70	1
24,71	0
24,72	1
24,73	1
24,74	0
24,74	0
24,75	0
24,76	0
24,77	0
24,77	0
24,78	0
24,79	0
24,80	0
24,81	0
24,81	0
24,82	0
24,83	0
24,84	0
24,85	0
24,85	1
24,86	0
24,87	0
24,88	2
24,89	0
24,89	1
24,90	1
24,91	0
24,92	0
24,93	0
24,93	0
24,94	0
24,95	0
24,96	0
24,97	1
24,97	0
24,98	0
24,99	1
25,00	0
25,01	0
25,01	0
25,02	0
25,03	0
25,04	0
25,05	0
25,05	1
25,06	0
25,07	0
25,08	0
25,09	1
25,09	0
25,10	0
25,11	0
25,12	0
25,13	0
25,13	0
25,14	1
25,15	0
25,16	0
25,17	0
25,17	0
25,18	0
25,19	2
25,20	0
25,20	1
25,21	0
25,22	0
25,23	0
25,24	0
25,24	0
25,25	0
25,26	0
25,27	0
25,28	1
25,28	0
25,29	0
25,30	0
25,31	0
25,32	0
25,32	1
25,33	0
25,34	0
25,35	0
25,36	1
25,36	0
25,37	0
25,38	0
25,39	0
25,40	0
25,40	0
25,41	0
25,42	0
25,43	0
25,44	0
25,44	1
25,45	0
25,46	0
25,47	0
25,48	0
25,48	0
25,49	0
25,50	0
25,51	0
25,52	0
25,52	0
25,53	0
25,54	1
25,55	0
25,56	1
25,56	0
25,57	1
25,58	1
25,59	0
25,59	1
25,60	0
25,61	0
25,62	0
25,63	0
25,63	1
25,64	0
25,65	1
25,66	0
25,67	0
25,67	0
25,68	2
25,69	0
25,70	0
25,71	0
25,71	0
25,72	0
25,73	0
25,74	1
25,75	0
25,75	0
25,76	0
25,77	0
25,78	0
25,79	0
25,79	0
25,80	0
25,81	0
25,82	0
25,83	0
25,83	0
25,84	0
25,85	0
25,86	0
25,87	0
25,87	0
25,88	0
25,89	0
25,90	0
25,91	0
25,91	1
25,92	0
25,93	1
25,94	0
25,95	0
25,95	1
25,96	0
25,97	0
25,98	0
25,99	0
25,99	0
26,00	1
26,01	0
26,02	0
26,02	0
26,03	0
26,04	0
26,05	0
26,06	0
26,06	0
26,07	0
26,08	0
26,09	0
26,10	0
26,10	0
26,11	0
26,12	0
26,13	0
26,14	0
26,14	1
26,15	0
26,16	0
26,17	0
26,18	0
26,18	0
26,19	0
26,20	0
26,21	0
26,22	0
26,22	0
26,23	0
26,24	0
26,25	1
26,26	0
26,26	0
26,27	0
26,28	0
26,29	0
26,30	0
26,30	0
26,31	0
26,32	0
26,33	0
26,34	1
26,34	0
26,35	0
26,36	0
26,37	0
26,38	0
26,38	0
26,39	0
26,40	0
26,41	1
26,42	0
26,42	0
26,43	1
26,44	0
26,45	0
26,45	0
26,46	1
26,47	0
26,48	0
26,49	0
26,49	0
26,50	0
26,51	0
26,52	0
26,53	1
26,53	0
26,54	0
26,55	0
26,56	0
26,57	0
26,57	0
26,58	0
26,59	0
26,60	0
26,61	0
26,61	1
26,62	0
26,63	1
26,64	1
26,65	0
26,65	0
26,66	0
26,67	0
26,68	0
26,69	1
26,69	0
26,70	0
26,71	0
26,72	1
26,73	0
26,73	0
26,74	0
26,75	1
26,76	0
26,77	0
26,77	0
26,78	0
26,79	0
26,80	0
26,81	0
26,81	0
26,82	0
26,83	0
26,84	0
26,85	1
26,85	0
26,86	0
26,87	0
26,88	1
26,88	0
26,89	1
26,90	0
26,91	1
26,92	1
26,92	0
26,93	0
26,94	0
26,95	0
26,96	0
26,96	0
26,97	0
26,98	0
26,99	0
27,00	0
27,00	0
27,01	0
27,02	0
27,03	0
27,04	0
27,04	0
27,05	0
27,06	0
27,07	0
27,08	0
27,08	0
27,09	0
27,10	0
27,11	0
27,12	0
27,12	0
27,13	0
27,14	0
27,15	0
27,16	0
27,16	0
27,17	0
27,18	0
27,19	0
27,20	0
27,20	1
27,21	2
27,22	0
27,23	0
27,24	0
27,24	2
27,25	0
27,26	1
27,27	0
27,28	0
27,28	0
27,29	0
27,30	0
27,31	0
27,31	0
27,32	0
27,33	0
27,34	0
27,35	0
27,35	0
27,36	0
27,37	0
27,38	0
27,39	0
27,39	0
27,40	0
27,41	0
27,42	1
27,43	0
27,43	0
27,44	0
27,45	0
27,46	0
27,47	0
27,47	0
27,48	0
27,49	0
27,50	0
27,51	0
27,51	0
27,52	1
27,53	0
27,54	0
27,55	0
27,55	1
27,56	0
27,57	0
27,58	1
27,59	0
27,59	0
27,60	1
27,61	0
27,62	0
27,63	0
27,63	1
27,64	0
27,65	0
27,66	0
27,67	0
27,67	0
27,68	0
27,69	0
27,70	0
27,71	0
27,71	0
27,72	1
27,73	0
27,74	0
27,74	0
27,75	0
27,76	0
27,77	0
27,78	0
27,78	0
27,79	0
27,80	0
27,81	0
27,82	0
27,82	0
27,83	1
27,84	0
27,85	0
27,86	0
27,86	0
27,87	1
27,88	0
27,89	0
27,90	0
27,90	0
27,91	0
27,92	0
27,93	0
27,94	0
27,94	0
27,95	0
27,96	0
27,97	0
27,98	0
27,98	0
27,99	1
28,00	0
28,01	0
28,02	0
28,02	0
28,03	1
28,04	0
28,05	0
28,06	0
28,06	0
28,07	0
28,08	0
28,09	0
28,10	0
28,10	0
28,11	0
28,12	0
28,13	0
28,14	0
28,14	0
28,15	0
28,16	0
28,17	1
28,17	0
28,18	1
28,19	0
28,20	1
28,21	0
28,21	0
28,22	0
28,23	1
28,24	0
28,25	1
28,25	0
28,26	0
28,27	0
28,28	0
28,29	0
28,29	0
28,30	0
28,31	0
28,32	2
28,33	1
28,33	0
28,34	0
28,35	0
28,36	1
28,37	0
28,37	0
28,38	0
28,39	1
28,40	0
28,41	0
28,41	0
28,42	0
28,43	0
28,44	0
28,45	0
28,45	0
28,46	1
28,47	0
28,48	0
28,49	0
28,49	0
28,50	0
28,51	0
28,52	0
28,53	1
28,53	1
28,54	0
28,55	0
28,56	0
28,57	0
28,57	0
28,58	0
28,59	0
28,60	0
28,60	1
28,61	1
28,62	0
28,63	0
28,64	0
28,64	0
28,65	0
28,66	1
28,67	0
28,68	1
28,68	0
28,69	1
28,70	1
28,71	0
28,72	0
28,72	0
28,73	0
28,74	0
28,75	0
28,76	0
28,76	1
28,77	0
28,78	1
28,79	0
28,80	1
28,80	1
28,81	1
28,82	0
28,83	0
28,84	0
28,84	1
28,85	0
28,86	0
28,87	0
28,88	0
28,88	1
28,89	1
28,90	0
28,91	0
28,92	0
28,92	0
28,93	0
28,94	0
28,95	0
28,96	0
28,96	0
28,97	0
28,98	0
28,99	0
28,99	1
29,00	0
29,01	0
29,02	0
29,03	0
29,03	0
29,04	0
29,05	0
29,06	0
29,07	0
29,07	0
29,08	2
29,09	0
29,10	0
29,11	0
29,11	0
29,12	0
29,13	0
29,14	0
29,15	1
29,15	0
29,16	0
29,17	0
29,18	0
29,19	0
29,19	0
29,20	0
29,21	0
29,22	0
29,23	0
29,23	0
29,24	0
29,25	0
29,26	1
29,27	0
29,27	0
29,28	0
29,29	0
29,30	0
29,31	0
29,31	0
29,32	0
29,33	0
29,34	1
29,35	0
29,35	0
29,36	0
29,37	0
29,38	0
29,39	0
29,39	0
29,40	0
29,41	1
29,42	0
29,42	0
29,43	0
29,44	0
29,45	0
29,46	0
29,46	1
29,47	0
29,48	0
29,49	0
29,50	0
29,50	1
29,51	0
29,52	0
29,53	1
29,54	1
29,54	0
29,55	0
29,56	0
29,57	0
29,58	0
29,58	0
29,59	0
29,60	0
29,61	1
29,62	1
29,62	0
29,63	0
29,64	1
29,65	0
29,66	0
29,66	0
29,67	0
29,68	1
29,69	1
29,70	0
29,70	0
29,71	0
29,72	0
29,73	0
29,74	0
29,74	1
29,75	0
29,76	0
29,77	0
29,78	0
29,78	0
29,79	0
29,80	0
29,81	0
29,82	0
29,82	0
29,83	0
29,84	1
29,85	1
29,85	0
29,86	1
29,87	0
29,88	0
29,89	0
29,89	0
29,90	0
29,91	1
29,92	1
29,93	0
29,93	0
29,94	0
29,95	0
29,96	0
29,97	1
29,97	1
29,98	0
29,99	0
30,00	0
30,01	0
30,01	0
30,02	0
30,03	0
30,04	0
30,05	0
30,05	0
30,06	0
30,07	0
30,08	0
30,09	0
30,09	0
30,10	1
30,11	0
30,12	0
30,13	0
30,13	0
30,14	0
30,15	0
30,16	0
30,17	0
30,17	0
30,18	0
30,19	1
30,20	0
30,21	1
30,21	0
30,22	0
30,23	0
30,24	0
30,25	0
30,25	0
30,26	0
30,27	0
30,28	0
30,28	0
30,29	0
30,30	0
30,31	1
30,32	0
30,32	0
30,33	0
30,34	0
30,35	0
30,36	0
30,36	0
30,37	0
30,38	0
30,39	0
30,40	0
30,40	0
30,41	0
30,42	0
30,43	0
30,44	0
30,44	0
30,45	0
30,46	0
30,47	0
30,48	0
30,48	1
30,49	0
30,50	0
30,51	0
30,52	0
30,52	0
30,53	0
30,54	1
30,55	0
30,56	0
30,56	0
30,57	0
30,58	0
30,59	0
30,60	0
30,60	0
30,61	0
30,62	0
30,63	0
30,64	0
30,64	0
30,65	0
30,66	0
30,67	1
30,68	0
30,68	0
30,69	0
30,70	0
30,71	0
30,71	0
30,72	0
30,73	1
30,74	0
30,75	0
30,75	0
30,76	0
30,77	1
30,78	0
30,79	0
30,79	0
30,80	0
30,81	0
30,82	0
30,83	0
30,83	0
30,84	0
30,85	0
30,86	0
30,87	0
30,87	0
30,88	0
30,89	0
30,90	0
30,91	0
30,91	0
30,92	0
30,93	0
30,94	0
30,95	0
30,95	0
30,96	0
30,97	1
30,98	0
30,99	0
30,99	0
31,00	0
31,01	0
31,02	1
31,03	0
31,03	1
31,04	0
31,05	0
31,06	0
31,07	0
31,07	0
31,08	0
31,09	0
31,10	0
31,11	0
31,11	1
31,12	0
31,13	0
31,14	0
31,14	0
31,15	0
31,16	1
31,17	0
31,18	0
31,18	0
31,19	1
31,20	0
31,21	0
31,22	0
31,22	1
31,23	0
31,24	1
31,25	0
31,26	0
31,26	0
31,27	0
31,28	0
31,29	0
31,30	0
31,30	0
31,31	0
31,32	0
31,33	0
31,34	0
31,34	0
31,35	0
31,36	0
31,37	0
31,38	0
31,38	0
31,39	0
31,40	1
31,41	0
31,42	0
31,42	0
31,43	1
31,44	0
31,45	0
31,46	0
31,46	0
31,47	0
31,48	0
31,49	0
31,50	0
31,50	2
31,51	0
31,52	1
31,53	0
31,54	0
31,54	0
31,55	0
31,56	0
31,57	0
31,57	0
31,58	0
31,59	1
31,60	1
31,61	0
31,61	0
31,62	0
31,63	0
31,64	0
31,65	0
31,65	0
31,66	0
31,67	0
31,68	0
31,69	0
31,69	0
31,70	0
31,71	0
31,72	0
31,73	0
31,73	2
31,74	0
31,75	0
31,76	0
31,77	0
31,77	0
31,78	0
31,79	0
31,80	0
31,81	0
31,81	0
31,82	0
31,83	0
31,84	1
31,85	0
31,85	0
31,86	0
31,87	0
31,88	0
31,89	0
31,89	0
31,90	0
31,91	0
31,92	0
31,93	0
31,93	0
31,94	0
31,95	1
31,96	0
31,97	0
31,97	0
31,98	0
31,99	1
32,00	0
32,00	0
32,01	0
32,02	0
32,03	0
32,04	0
32,04	0
32,05	1
32,06	0
32,07	0
32,08	0
32,08	0
32,09	0
32,10	0
32,11	0
32,12	0
32,12	0
32,13	0
32,14	0
32,15	0
32,16	0
32,16	0
32,17	0
32,18	0
32,19	0
32,20	0
32,20	0
32,21	0
32,22	0
32,23	0
32,24	0
32,24	0
32,25	0
32,26	0
32,27	0
32,28	0
32,28	0
32,29	1
32,30	0
32,31	0
32,32	0
32,32	0
32,33	0
32,34	0
32,35	0
32,36	0
32,36	0
32,37	1
32,38	0
32,39	0
32,39	0
32,40	0
32,41	0
32,42	0
32,43	0
32,43	0
32,44	0
32,45	0
32,46	0
32,47	0
32,47	0
32,48	0
32,49	0
32,50	0
32,51	0
32,51	0
32,52	0
32,53	0
32,54	0
32,55	0
32,55	0
32,56	0
32,57	0
32,58	0
32,59	0
32,59	0
32,60	0
32,61	1
32,62	0
32,63	0
32,63	0
32,64	0
32,65	0
32,66	0
32,67	1
32,67	0
32,68	0
32,69	0
32,70	0
32,71	0
32,71	1
32,72	0
32,73	0
32,74	0
32,75	0
32,75	0
32,76	0
32,77	0
32,78	0
32,79	0
32,79	0
32,80	0
32,81	0
32,82	0
32,82	0
32,83	0
32,84	0
32,85	0
32,86	0
32,86	0
32,87	0
32,88	0
32,89	0
32,90	1
32,90	0
32,91	0
32,92	0
32,93	0
32,94	0
32,94	0
32,95	0
32,96	0
32,97	0
32,98	0
32,98	0
32,99	0
33,00	0
33,01	0
33,02	0
33,02	0
33,03	0
33,04	0
33,05	0
33,06	0
33,06	0
33,07	0
33,08	0
33,09	0
33,10	0
33,10	0
33,11	0
33,12	0
33,13	0
33,14	0
33,14	0
33,15	0
33,16	0
33,17	0
33,18	0
33,18	0
33,19	0
33,20	0
33,21	1
33,22	0
33,22	0
33,23	0
33,24	0
33,25	0
33,25	0
33,26	0
33,27	0
33,28	0
33,29	0
33,29	0
33,30	0
33,31	0
33,32	0
33,33	0
33,33	0
33,34	0
33,35	0
33,36	0
33,37	0
33,37	1
33,38	0
33,39	0
33,40	0
33,41	0
33,41	0
33,42	0
33,43	1
33,44	0
33,45	0
33,45	0
33,46	0
33,47	0
33,48	0
33,49	0
33,49	0
33,50	0
33,51	0
33,52	0
33,53	0
33,53	0
33,54	0
33,55	0
33,56	1
33,57	0
33,57	0
33,58	0
33,59	0
33,60	1
33,61	0
33,61	1
33,62	0
33,63	0
33,64	0
33,65	1
33,65	0
33,66	0
33,67	0
33,68	0
33,68	0
33,69	1
33,70	0
33,71	1
33,72	0
33,72	0
33,73	0
33,74	0
33,75	1
33,76	0
33,76	0
33,77	0
33,78	0
33,79	0
33,80	0
33,80	0
33,81	0
33,82	0
33,83	0
33,84	0
33,84	0
33,85	0
33,86	0
33,87	0
33,88	0
33,88	0
33,89	0
33,90	0
33,91	0
33,92	0
33,92	0
33,93	0
33,94	0
33,95	0
33,96	0
33,96	0
33,97	0
33,98	0
33,99	1
34,00	0
34,00	0
34,01	0
34,02	0
34,03	0
34,04	0
34,04	0
34,05	0
34,06	0
34,07	0
34,08	0
34,08	0
34,09	0
34,10	0
34,11	1
34,11	0
34,12	0
34,13	0
34,14	0
34,15	0
34,15	1
34,16	0
34,17	0
34,18	1
34,19	0
34,19	0
34,20	1
34,21	0
34,22	0
34,23	0
34,23	0
34,24	0
34,25	0
34,26	0
34,27	0
34,27	0
34,28	0
34,29	0
34,30	0
34,31	0
34,31	0
34,32	1
34,33	0
34,34	0
34,35	0
34,35	0
34,36	0
34,37	0
34,38	0
34,39	0
34,39	0
34,40	0
34,41	0
34,42	0
34,43	0
34,43	0
34,44	1
34,45	0
34,46	0
34,47	0
34,47	0
34,48	0
34,49	0
34,50	0
34,51	2
34,51	0
34,52	0
34,53	0
34,54	0
34,54	0
34,55	1
34,56	0
34,57	1
34,58	0
34,58	1
34,59	0
34,60	0
34,61	0
34,62	0
34,62	0
34,63	0
34,64	0
34,65	0
34,66	0
34,66	0
34,67	0
34,68	0
34,69	0
34,70	0
34,70	0
34,71	0
34,72	0
34,73	0
34,74	0
34,74	0
34,75	0
34,76	0
34,77	0
34,78	0
34,78	0
34,79	1
34,80	0
34,81	0
34,82	1
34,82	0
34,83	0
34,84	1
34,85	0
34,86	0
34,86	0
34,87	0
34,88	0
34,89	0
34,90	0
34,90	0
34,91	0
34,92	0
34,93	0
34,94	0
34,94	0
34,95	0
34,96	0
34,97	0
34,97	0
34,98	0
34,99	0
35,00	0
35,01	0
35,01	0
35,02	1
35,03	1
35,04	0
35,05	0
35,05	0
35,06	0
