Energie	Impulse	Fit(Impulse)	Fit(Impulse)	Fit(Impulse)	Fit(Impulse)
E/keV	Impulse/#	Impulse/#	Impulse/#	Impulse/#	Impulse/#

16,41	2	0	0	0	3
16,41	5	0	0	0	3
16,42	6	0	0	0	3
16,43	5	0	0	0	3
16,44	6	0	0	0	3
16,45	5	0	0	0	3
16,45	4	0	0	0	3
16,46	1	0	0	0	3
16,47	4	0	0	0	3
16,48	1	0	0	0	3
16,49	2	0	0	0	3
16,49	2	0	0	0	3
16,50	2	0	0	0	3
16,51	4	0	0	0	3
16,52	6	0	0	0	3
16,53	3	0	0	0	3
16,53	1	0	0	0	3
16,54	2	0	0	0	3
16,55	5	0	0	0	3
16,56	5	0	0	0	3
16,57	6	0	0	0	3
16,57	4	0	0	0	3
16,58	4	0	0	0	3
16,59	1	0	0	0	3
16,60	4	0	0	0	3
16,61	4	0	0	0	3
16,61	3	0	0	0	3
16,62	7	0	0	0	3
16,63	3	0	0	0	3
16,64	3	0	0	0	3
16,65	2	0	0	0	3
16,65	5	0	0	0	3
16,66	1	0	0	0	3
16,67	3	0	0	0	3
16,68	3	0	0	0	3
16,68	1	0	0	0	3
16,69	3	0	0	0	3
16,70	1	0	0	0	3
16,71	3	0	0	0	3
16,72	4	0	0	0	3
16,72	2	0	0	0	3
16,73	0	0	0	0	3
16,74	8	0	0	0	3
16,75	4	0	0	0	3
16,76	3	0	0	0	3
16,76	5	0	0	0	3
16,77	1	0	0	0	3
16,78	2	0	0	0	3
16,79	2	0	0	0	3
16,80	0	0	0	0	3
16,80	1	0	0	0	3
16,81	2	0	0	0	3
16,82	3	0	0	0	3
16,83	2	0	0	0	3
16,84	3	0	0	0	3
16,84	4	0	0	0	3
16,85	1	0	0	0	3
16,86	4	0	0	0	3
16,87	3	0	0	0	3
16,88	4	0	0	0	3
16,88	2	0	0	0	3
16,89	4	0	0	0	3
16,90	2	0	0	0	3
16,91	5	0	0	0	3
16,92	6	0	0	0	3
16,92	4	0	0	0	3
16,93	3	0	0	0	3
16,94	2	0	0	0	3
16,95	5	0	0	0	3
16,96	3	0	0	0	3
16,96	3	0	0	0	3
16,97	2	0	0	0	3
16,98	1	0	0	0	3
16,99	4	0	0	0	3
17,00	1	0	0	0	3
17,00	8	0	0	0	3
17,01	5	0	0	0	3
17,02	5	0	0	0	3
17,03	0	0	0	0	3
17,04	3	0	0	0	3
17,04	5	0	0	0	3
17,05	3	0	0	0	3
17,06	2	0	0	0	3
17,07	1	0	0	0	3
17,08	5	0	0	0	3
17,08	1	0	0	0	3
17,09	6	0	0	0	3
17,10	5	0	0	0	3
17,11	1	0	0	0	3
17,11	4	0	0	0	3
17,12	2	0	0	0	3
17,13	2	0	0	0	3
17,14	0	0	0	0	3
17,15	5	0	0	0	3
17,15	5	0	0	0	3
17,16	5	0	0	0	3
17,17	8	0	0	0	3
17,18	3	0	0	0	3
17,19	1	0	0	0	3
17,19	9	0	0	0	3
17,20	2	0	0	0	3
17,21	0	0	0	0	3
17,22	2	0	0	0	3
17,23	5	0	0	0	3
17,23	0	0	0	0	3
17,24	2	0	0	0	3
17,25	3	0	0	0	3
17,26	1	0	0	0	3
17,27	1	0	0	0	3
17,27	7	0	0	0	3
17,28	3	0	0	0	3
17,29	3	0	0	0	3
17,30	0	0	0	0	3
17,31	4	0	0	0	3
17,31	2	0	0	0	3
17,32	5	0	0	0	3
17,33	1	0	0	0	3
17,34	2	0	0	0	3
17,35	2	0	0	0	3
17,35	1	0	0	0	3
17,36	0	0	0	0	3
17,37	3	0	0	0	3
17,38	0	0	0	0	3
17,39	5	0	0	0	3
17,39	0	0	0	0	3
17,40	2	0	0	0	3
17,41	3	0	0	0	3
17,42	4	0	0	0	3
17,43	3	0	0	0	3
17,43	4	0	0	0	3
17,44	2	0	0	0	3
17,45	7	0	0	0	3
17,46	3	0	0	0	3
17,47	1	0	0	0	3
17,47	7	0	0	0	3
17,48	4	0	0	0	3
17,49	5	1	0	0	3
17,50	5	1	0	0	3
17,51	4	1	0	0	3
17,51	6	1	0	0	3
17,52	4	1	0	0	3
17,53	4	1	0	0	3
17,54	3	1	0	0	3
17,54	4	1	0	0	3
17,55	5	1	0	0	3
17,56	6	1	0	0	3
