Energie	Impulse
E/keV	Impulse/#

3,21	0
3,22	0
3,23	0
3,24	0
3,24	0
3,25	0
3,26	0
3,27	0
3,28	0
3,28	0
3,29	0
3,30	0
3,31	0
3,32	0
3,32	0
3,33	0
3,34	0
3,35	0
3,36	0
3,36	0
3,37	0
3,38	0
3,39	0
3,40	0
3,40	0
3,41	0
3,42	0
3,43	0
3,44	0
3,44	0
3,45	0
3,46	0
3,47	0
3,48	0
3,48	0
3,49	0
3,50	0
3,51	0
3,51	0
3,52	0
3,53	0
3,54	0
3,55	0
3,55	0
3,56	0
3,57	0
3,58	0
3,59	0
3,59	0
3,60	0
3,61	0
3,62	0
3,63	0
3,63	0
3,64	0
3,65	0
3,66	0
3,67	0
3,67	0
3,68	0
3,69	0
3,70	0
3,71	0
3,71	0
3,72	0
3,73	0
3,74	0
3,75	0
3,75	0
3,76	0
3,77	0
3,78	0
3,79	0
3,79	1
3,80	1
3,81	2
3,82	0
3,83	2
3,83	1
3,84	0
3,85	0
3,86	0
3,87	0
3,87	1
3,88	0
3,89	0
3,90	0
3,91	2
3,91	1
3,92	1
3,93	1
3,94	0
3,94	0
3,95	0
3,96	0
3,97	1
3,98	0
3,98	2
3,99	1
4,00	1
4,01	0
4,02	0
4,02	1
4,03	0
4,04	0
4,05	0
4,06	1
4,06	1
4,07	0
4,08	0
4,09	1
4,10	0
4,10	0
4,11	0
4,12	1
4,13	1
4,14	0
4,14	1
4,15	2
4,16	0
4,17	0
4,18	1
4,18	0
4,19	0
4,20	0
4,21	1
4,22	0
4,22	1
4,23	0
4,24	0
4,25	0
4,26	1
4,26	0
4,27	2
4,28	2
4,29	0
4,30	1
4,30	1
4,31	0
4,32	0
4,33	1
4,34	2
4,34	1
4,35	0
4,36	2
4,37	1
4,37	0
4,38	3
4,39	3
4,40	2
4,41	0
4,41	0
4,42	1
4,43	1
4,44	0
4,45	3
4,45	0
4,46	1
4,47	1
4,48	2
4,49	0
4,49	1
4,50	0
4,51	1
4,52	0
4,53	0
4,53	0
4,54	0
4,55	0
4,56	0
4,57	0
4,57	1
4,58	0
4,59	0
4,60	2
4,61	2
4,61	1
4,62	1
4,63	0
4,64	0
4,65	1
4,65	2
4,66	1
4,67	2
4,68	0
4,69	0
4,69	1
4,70	0
4,71	0
4,72	1
4,73	0
4,73	1
4,74	0
4,75	0
4,76	0
4,77	1
4,77	1
4,78	0
4,79	0
4,80	0
4,80	0
4,81	1
4,82	0
4,83	0
4,84	0
4,84	0
4,85	1
4,86	0
4,87	0
4,88	1
4,88	0
4,89	1
4,90	2
4,91	0
4,92	0
4,92	2
4,93	0
4,94	2
4,95	1
4,96	1
4,96	1
4,97	0
4,98	1
4,99	1
5,00	0
5,00	2
5,01	0
5,02	1
5,03	0
5,04	0
5,04	0
5,05	2
5,06	0
5,07	2
5,08	1
5,08	0
5,09	1
5,10	1
5,11	2
5,12	1
5,12	0
5,13	1
5,14	1
5,15	0
5,16	0
5,16	0
5,17	1
5,18	0
5,19	0
5,20	1
5,20	2
5,21	2
5,22	0
5,23	1
5,23	0
5,24	0
5,25	1
5,26	0
5,27	1
5,27	0
5,28	0
5,29	0
5,30	1
5,31	1
5,31	0
5,32	1
5,33	1
5,34	0
5,35	1
5,35	0
5,36	1
5,37	0
5,38	1
5,39	0
5,39	1
5,40	0
5,41	1
5,42	0
5,43	0
5,43	2
5,44	0
5,45	1
5,46	0
5,47	1
5,47	0
5,48	1
5,49	0
5,50	1
5,51	0
5,51	2
5,52	2
5,53	0
5,54	0
5,55	1
5,55	1
5,56	1
5,57	1
5,58	1
5,59	0
5,59	2
5,60	0
5,61	0
5,62	0
5,63	3
5,63	1
5,64	1
5,65	1
5,66	0
5,66	1
5,67	0
5,68	2
5,69	1
5,70	0
5,70	1
5,71	0
5,72	4
5,73	0
5,74	0
5,74	1
5,75	0
5,76	1
5,77	1
5,78	1
5,78	2
5,79	0
5,80	0
5,81	0
5,82	3
5,82	0
5,83	0
5,84	1
5,85	1
5,86	2
5,86	0
5,87	2
5,88	0
5,89	1
5,90	2
5,90	0
5,91	1
5,92	1
5,93	1
5,94	1
5,94	0
5,95	1
5,96	1
5,97	2
5,98	0
5,98	1
5,99	0
6,00	2
6,01	0
6,02	1
6,02	2
6,03	2
6,04	3
6,05	0
6,06	1
6,06	0
6,07	1
6,08	0
6,09	0
6,09	1
6,10	0
6,11	1
6,12	2
6,13	1
6,13	1
6,14	0
6,15	0
6,16	3
6,17	0
6,17	1
6,18	1
6,19	1
6,20	0
6,21	1
6,21	1
6,22	0
6,23	0
6,24	0
6,25	0
6,25	0
6,26	1
6,27	0
6,28	1
6,29	1
6,29	1
6,30	2
6,31	0
6,32	1
6,33	0
6,33	0
6,34	0
6,35	2
6,36	3
6,37	2
6,37	1
6,38	0
6,39	0
6,40	2
6,41	0
6,41	1
6,42	1
6,43	1
6,44	0
6,45	3
6,45	1
6,46	0
6,47	3
6,48	0
6,49	2
6,49	2
6,50	2
6,51	1
6,52	1
6,52	0
6,53	1
6,54	0
6,55	1
6,56	1
6,56	0
6,57	0
6,58	1
6,59	1
6,60	1
6,60	0
6,61	1
6,62	2
6,63	0
6,64	0
6,64	1
6,65	2
6,66	0
6,67	0
6,68	0
6,68	1
6,69	0
6,70	0
6,71	1
6,72	0
6,72	1
6,73	1
6,74	0
6,75	0
6,76	1
6,76	1
6,77	1
6,78	0
6,79	0
6,80	0
6,80	1
6,81	2
6,82	1
6,83	0
6,84	1
6,84	1
6,85	1
6,86	0
6,87	0
6,88	0
6,88	3
6,89	0
6,90	2
6,91	0
6,91	0
6,92	1
6,93	2
6,94	0
6,95	0
6,95	1
6,96	0
6,97	2
6,98	0
6,99	0
6,99	0
7,00	0
7,01	0
7,02	0
7,03	0
7,03	1
7,04	0
7,05	1
7,06	0
7,07	3
7,07	0
7,08	0
7,09	1
7,10	0
7,11	1
7,11	2
7,12	2
7,13	2
7,14	1
7,15	0
7,15	1
7,16	3
7,17	0
7,18	1
7,19	0
7,19	2
7,20	0
7,21	1
7,22	1
7,23	0
7,23	2
7,24	0
7,25	1
7,26	1
7,27	0
7,27	0
7,28	1
7,29	1
7,30	0
7,31	1
7,31	0
7,32	0
7,33	0
7,34	0
7,34	0
7,35	2
7,36	0
7,37	0
7,38	2
7,38	0
7,39	1
7,40	0
7,41	0
7,42	1
7,42	0
7,43	0
7,44	0
7,45	0
7,46	0
7,46	1
7,47	0
7,48	0
7,49	0
7,50	1
7,50	0
7,51	0
7,52	0
7,53	1
7,54	2
7,54	1
7,55	0
7,56	0
7,57	0
7,58	0
7,58	0
7,59	1
7,60	1
7,61	0
7,62	0
7,62	0
7,63	0
7,64	0
7,65	0
7,66	0
7,66	1
7,67	0
7,68	0
7,69	0
7,70	0
7,70	1
7,71	0
7,72	2
7,73	0
7,74	1
7,74	0
7,75	0
7,76	0
7,77	1
7,77	2
7,78	0
7,79	0
7,80	0
7,81	1
7,81	0
7,82	0
7,83	0
7,84	0
7,85	0
7,85	0
7,86	0
7,87	0
7,88	0
7,89	0
7,89	0
7,90	1
7,91	0
7,92	0
7,93	0
7,93	0
7,94	0
7,95	0
7,96	1
7,97	0
7,97	2
7,98	1
7,99	1
8,00	0
8,01	0
8,01	1
8,02	0
8,03	0
8,04	1
8,05	0
8,05	2
8,06	1
8,07	1
8,08	3
8,09	1
8,09	0
8,10	0
8,11	0
8,12	0
8,13	1
8,13	0
8,14	2
8,15	1
8,16	3
8,17	0
8,17	0
8,18	2
8,19	0
8,20	0
8,20	0
8,21	1
8,22	1
8,23	0
8,24	0
8,24	0
8,25	0
8,26	2
8,27	0
8,28	0
8,28	1
8,29	1
8,30	0
8,31	0
8,32	0
8,32	1
8,33	1
8,34	2
8,35	0
8,36	0
8,36	0
8,37	1
8,38	0
8,39	0
8,40	0
8,40	0
8,41	0
8,42	1
8,43	1
8,44	0
8,44	0
8,45	1
8,46	0
8,47	0
8,48	0
8,48	0
8,49	0
8,50	0
8,51	1
8,52	3
8,52	0
8,53	2
8,54	1
8,55	0
8,56	0
8,56	0
8,57	0
8,58	1
8,59	1
8,60	0
8,60	0
8,61	1
8,62	1
8,63	0
8,63	0
8,64	0
8,65	0
8,66	0
8,67	1
8,67	0
8,68	0
8,69	0
8,70	0
8,71	0
8,71	1
8,72	0
8,73	0
8,74	0
8,75	1
8,75	0
8,76	0
8,77	0
8,78	0
8,79	0
8,79	1
8,80	0
8,81	0
8,82	0
8,83	0
8,83	0
8,84	1
8,85	0
8,86	0
8,87	1
8,87	0
8,88	1
8,89	0
8,90	1
8,91	0
8,91	0
8,92	0
8,93	0
8,94	0
8,95	0
8,95	0
8,96	0
8,97	0
8,98	0
8,99	0
8,99	0
9,00	0
9,01	0
9,02	1
9,03	2
9,03	0
9,04	0
9,05	0
9,06	0
9,06	1
9,07	0
9,08	1
9,09	0
9,10	0
9,10	0
9,11	0
9,12	1
9,13	1
9,14	0
9,14	0
9,15	0
9,16	1
9,17	0
9,18	1
9,18	0
9,19	1
9,20	0
9,21	1
9,22	0
9,22	0
9,23	1
9,24	1
9,25	0
9,26	1
9,26	0
9,27	2
9,28	0
9,29	1
9,30	0
9,30	1
9,31	0
9,32	0
9,33	0
9,34	0
9,34	0
9,35	1
9,36	0
9,37	0
9,38	1
9,38	0
9,39	0
9,40	0
9,41	1
9,42	0
9,42	0
9,43	0
9,44	0
9,45	1
9,46	0
9,46	0
9,47	0
9,48	0
9,49	0
9,49	0
9,50	0
9,51	1
9,52	0
9,53	0
9,53	0
9,54	0
9,55	0
9,56	0
9,57	2
9,57	1
9,58	0
9,59	0
9,60	0
9,61	0
9,61	0
9,62	1
9,63	0
9,64	1
9,65	0
9,65	0
9,66	0
9,67	1
9,68	0
9,69	0
9,69	0
9,70	2
9,71	0
9,72	0
9,73	2
9,73	0
9,74	0
9,75	0
9,76	1
9,77	0
9,77	0
9,78	1
9,79	0
9,80	0
9,81	0
9,81	0
9,82	0
9,83	0
9,84	0
9,85	1
9,85	0
9,86	0
9,87	0
9,88	0
9,88	0
9,89	2
9,90	0
9,91	0
9,92	0
9,92	0
9,93	0
9,94	1
9,95	0
9,96	0
9,96	0
9,97	0
9,98	1
9,99	0
10,00	0
10,00	0
10,01	0
10,02	0
10,03	0
10,04	0
10,04	0
10,05	0
10,06	0
10,07	0
10,08	1
10,08	0
10,09	0
10,10	1
10,11	0
10,12	0
10,12	1
10,13	1
10,14	0
10,15	0
10,16	0
10,16	0
10,17	0
10,18	0
10,19	0
10,20	0
10,20	0
10,21	0
10,22	0
10,23	0
10,24	0
10,24	1
10,25	0
10,26	1
10,27	0
10,28	0
10,28	0
10,29	1
10,30	0
10,31	0
10,31	0
10,32	0
10,33	3
10,34	0
10,35	0
10,35	0
10,36	0
10,37	0
10,38	0
10,39	1
10,39	0
10,40	1
10,41	0
10,42	0
10,43	0
10,43	1
10,44	0
10,45	0
10,46	0
10,47	0
10,47	0
10,48	0
10,49	0
10,50	0
10,51	0
10,51	0
10,52	0
10,53	0
10,54	1
10,55	0
10,55	0
10,56	0
10,57	1
10,58	2
10,59	0
10,59	1
10,60	1
10,61	0
10,62	0
10,63	0
10,63	1
10,64	2
10,65	0
10,66	0
10,67	0
10,67	1
10,68	0
10,69	0
10,70	1
10,71	0
10,71	0
10,72	0
10,73	1
10,74	0
10,74	0
10,75	0
10,76	0
10,77	0
10,78	0
10,78	0
10,79	0
10,80	1
10,81	0
10,82	0
10,82	0
10,83	0
10,84	0
10,85	0
10,86	0
10,86	1
10,87	0
10,88	1
10,89	0
10,90	0
10,90	0
10,91	2
10,92	0
10,93	1
10,94	0
10,94	1
10,95	0
10,96	0
10,97	0
10,98	0
10,98	0
10,99	1
11,00	0
11,01	0
11,02	1
11,02	0
11,03	0
11,04	0
11,05	1
11,06	0
11,06	0
11,07	1
11,08	0
11,09	0
11,10	0
11,10	1
11,11	0
11,12	0
11,13	0
11,14	2
11,14	0
11,15	1
11,16	0
11,17	0
11,17	2
11,18	0
11,19	0
11,20	1
11,21	1
11,21	0
11,22	3
11,23	1
11,24	1
11,25	1
11,25	1
11,26	0
11,27	1
11,28	0
11,29	0
11,29	0
11,30	0
11,31	1
11,32	0
11,33	1
11,33	1
11,34	0
11,35	0
11,36	1
11,37	0
11,37	1
11,38	0
11,39	0
11,40	0
11,41	0
11,41	2
11,42	0
11,43	1
11,44	1
11,45	0
11,45	0
11,46	0
11,47	0
11,48	0
11,49	0
11,49	0
11,50	1
11,51	0
11,52	0
11,53	0
11,53	0
11,54	0
11,55	0
11,56	1
11,57	0
11,57	0
11,58	0
11,59	0
11,60	0
11,60	0
11,61	2
11,62	0
11,63	0
11,64	0
11,64	1
11,65	0
11,66	0
11,67	1
11,68	1
11,68	0
11,69	1
11,70	0
11,71	0
11,72	0
11,72	1
11,73	1
11,74	0
11,75	0
11,76	0
11,76	0
11,77	0
11,78	0
11,79	1
11,80	0
11,80	1
11,81	0
11,82	0
11,83	1
11,84	0
11,84	0
11,85	3
11,86	1
11,87	1
11,88	0
11,88	0
11,89	0
11,90	1
11,91	1
11,92	0
11,92	1
11,93	2
11,94	0
11,95	0
11,96	0
11,96	1
11,97	0
11,98	0
11,99	0
12,00	1
12,00	0
12,01	0
12,02	0
12,03	0
12,03	0
12,04	0
12,05	3
12,06	0
12,07	0
12,07	1
12,08	1
12,09	0
12,10	0
12,11	0
12,11	1
12,12	0
12,13	0
12,14	0
12,15	2
12,15	0
12,16	1
12,17	0
12,18	0
12,19	0
12,19	0
12,20	0
12,21	0
12,22	1
12,23	0
12,23	0
12,24	1
12,25	0
12,26	2
12,27	1
12,27	1
12,28	0
12,29	1
12,30	1
12,31	1
12,31	1
12,32	0
12,33	1
12,34	0
12,35	0
12,35	0
12,36	1
12,37	0
12,38	0
12,39	0
12,39	0
12,40	2
12,41	0
12,42	0
12,43	1
12,43	1
12,44	1
12,45	0
12,46	0
12,46	1
12,47	0
12,48	1
12,49	0
12,50	1
12,50	0
12,51	1
12,52	1
12,53	2
12,54	1
12,54	0
12,55	0
12,56	0
12,57	1
12,58	1
12,58	0
12,59	1
12,60	0
12,61	1
12,62	0
12,62	0
12,63	0
12,64	0
12,65	0
12,66	0
12,66	0
12,67	0
12,68	1
12,69	3
12,70	1
12,70	0
12,71	0
12,72	0
12,73	1
12,74	0
12,74	0
12,75	0
12,76	0
12,77	1
12,78	0
12,78	1
12,79	0
12,80	1
12,81	0
12,82	0
12,82	0
12,83	0
12,84	0
12,85	1
12,85	0
12,86	1
12,87	0
12,88	0
12,89	0
12,89	0
12,90	1
12,91	0
12,92	0
12,93	1
12,93	0
12,94	0
12,95	1
12,96	1
12,97	1
12,97	0
12,98	0
12,99	1
13,00	1
13,01	1
13,01	0
13,02	1
13,03	0
13,04	0
13,05	1
13,05	0
13,06	0
13,07	0
13,08	0
13,09	0
13,09	1
13,10	0
13,11	1
13,12	0
13,13	0
13,13	1
13,14	0
13,15	0
13,16	1
13,17	0
13,17	0
13,18	0
13,19	0
13,20	0
13,21	0
13,21	0
13,22	0
13,23	0
13,24	1
13,25	0
13,25	2
13,26	1
13,27	0
13,28	0
13,28	0
13,29	2
13,30	0
13,31	0
13,32	2
13,32	0
13,33	0
13,34	0
13,35	1
13,36	1
13,36	0
13,37	1
13,38	1
13,39	0
13,40	1
13,40	0
13,41	0
13,42	0
13,43	0
13,44	1
13,44	0
13,45	0
13,46	2
13,47	0
13,48	0
13,48	0
13,49	0
13,50	0
13,51	0
13,52	0
13,52	0
13,53	0
13,54	0
13,55	0
13,56	0
13,56	0
13,57	2
13,58	1
13,59	0
13,60	0
13,60	0
13,61	0
13,62	1
13,63	0
13,64	1
13,64	2
13,65	1
13,66	0
13,67	2
13,68	0
13,68	1
13,69	0
13,70	0
13,71	0
13,71	1
13,72	1
13,73	2
13,74	0
13,75	0
13,75	1
13,76	0
13,77	2
13,78	0
13,79	0
13,79	0
13,80	0
13,81	2
13,82	0
13,83	0
13,83	0
13,84	0
13,85	1
13,86	0
13,87	0
13,87	0
13,88	3
13,89	0
13,90	0
13,91	0
13,91	1
13,92	0
13,93	0
13,94	1
13,95	1
13,95	0
13,96	0
13,97	0
13,98	1
13,99	0
13,99	0
14,00	0
14,01	0
14,02	0
14,03	0
14,03	0
14,04	0
14,05	1
14,06	0
14,07	1
14,07	1
14,08	0
14,09	1
14,10	0
14,11	0
14,11	2
14,12	0
14,13	0
14,14	0
14,14	1
14,15	0
14,16	2
14,17	0
14,18	0
14,18	0
14,19	0
14,20	0
14,21	0
14,22	0
14,22	1
14,23	1
14,24	1
14,25	0
14,26	0
14,26	0
14,27	0
14,28	0
14,29	0
14,30	3
14,30	1
14,31	1
14,32	0
14,33	1
14,34	1
14,34	0
14,35	1
14,36	0
14,37	1
14,38	0
14,38	0
14,39	1
14,40	1
14,41	2
14,42	0
14,42	0
14,43	2
14,44	0
14,45	1
14,46	2
14,46	2
14,47	0
14,48	3
14,49	0
14,50	0
14,50	0
14,51	0
14,52	0
14,53	0
14,54	0
14,54	0
14,55	2
14,56	1
14,57	2
14,57	1
14,58	0
14,59	0
14,60	1
14,61	1
14,61	0
14,62	0
14,63	0
14,64	1
14,65	0
14,65	1
14,66	2
14,67	1
14,68	0
14,69	0
14,69	0
14,70	1
14,71	1
14,72	3
14,73	0
14,73	0
14,74	0
14,75	2
14,76	1
14,77	1
14,77	0
14,78	1
14,79	1
14,80	0
14,81	0
14,81	0
14,82	1
14,83	3
14,84	0
14,85	1
14,85	0
14,86	0
14,87	1
14,88	1
14,89	0
14,89	0
14,90	3
14,91	2
14,92	1
14,93	0
14,93	1
14,94	0
14,95	1
14,96	0
14,97	2
14,97	1
14,98	1
14,99	0
15,00	0
15,00	0
15,01	1
15,02	4
15,03	1
15,04	1
15,04	0
15,05	0
15,06	3
15,07	1
15,08	0
15,08	2
15,09	0
15,10	0
15,11	1
15,12	4
15,12	0
15,13	1
15,14	0
15,15	5
15,16	3
15,16	1
15,17	0
15,18	5
15,19	0
15,20	0
15,20	1
15,21	1
15,22	0
15,23	1
15,24	0
15,24	0
15,25	1
15,26	0
15,27	1
15,28	1
15,28	1
15,29	1
15,30	2
15,31	1
15,32	1
15,32	1
15,33	0
15,34	0
15,35	1
15,36	2
15,36	0
15,37	1
15,38	4
15,39	0
15,40	0
15,40	1
15,41	3
15,42	0
15,43	0
15,43	1
15,44	2
15,45	2
15,46	1
15,47	1
15,47	1
15,48	1
15,49	1
15,50	3
15,51	2
15,51	2
15,52	2
15,53	0
15,54	1
15,55	2
15,55	0
15,56	2
15,57	1
15,58	1
15,59	0
15,59	2
15,60	1
15,61	1
15,62	2
15,63	3
15,63	0
15,64	1
15,65	0
15,66	3
15,67	1
15,67	0
15,68	1
15,69	0
15,70	0
15,71	0
15,71	2
15,72	1
15,73	1
15,74	0
15,75	2
15,75	1
15,76	3
15,77	3
15,78	2
15,79	4
15,79	2
15,80	0
15,81	3
15,82	0
15,83	1
15,83	5
15,84	2
15,85	2
15,86	1
15,86	3
15,87	1
15,88	2
15,89	1
15,90	1
15,90	0
15,91	0
15,92	0
15,93	1
15,94	0
15,94	2
15,95	1
15,96	3
15,97	1
15,98	4
15,98	2
15,99	1
16,00	2
16,01	2
16,02	0
16,02	2
16,03	0
16,04	0
16,05	2
16,06	3
16,06	1
16,07	0
16,08	1
16,09	0
16,10	0
16,10	0
16,11	2
16,12	0
16,13	5
16,14	0
16,14	0
16,15	1
16,16	2
16,17	3
16,18	0
16,18	1
16,19	2
16,20	1
16,21	2
16,22	2
16,22	1
16,23	0
16,24	2
16,25	1
16,25	3
16,26	1
16,27	4
16,28	3
16,29	3
16,29	2
16,30	2
16,31	4
16,32	0
16,33	2
16,33	0
16,34	2
16,35	2
16,36	3
16,37	3
16,37	1
16,38	5
16,39	1
16,40	0
16,41	1
16,41	0
16,42	2
16,43	2
16,44	4
16,45	1
16,45	2
16,46	1
16,47	3
16,48	1
16,49	1
16,49	0
16,50	0
16,51	2
16,52	2
16,53	1
16,53	2
16,54	1
16,55	1
16,56	1
16,57	0
16,57	1
16,58	2
16,59	1
16,60	1
16,61	3
16,61	2
16,62	3
16,63	1
16,64	2
16,65	0
16,65	1
16,66	2
16,67	2
16,68	3
16,68	2
16,69	2
16,70	1
16,71	1
16,72	0
16,72	0
16,73	1
16,74	1
16,75	2
16,76	1
16,76	1
16,77	0
16,78	2
16,79	2
16,80	1
16,80	2
16,81	2
16,82	2
16,83	2
16,84	0
16,84	3
16,85	2
16,86	0
16,87	2
16,88	2
16,88	1
16,89	1
16,90	1
16,91	1
16,92	1
16,92	2
16,93	1
16,94	0
16,95	1
16,96	2
16,96	0
16,97	0
16,98	2
16,99	2
17,00	2
17,00	1
17,01	2
17,02	2
17,03	2
17,04	2
17,04	3
17,05	1
17,06	3
17,07	3
17,08	1
17,08	1
17,09	0
17,10	0
17,11	0
17,11	3
17,12	1
17,13	1
17,14	3
17,15	5
17,15	3
17,16	0
17,17	0
17,18	2
17,19	1
17,19	3
17,20	1
17,21	1
17,22	1
17,23	0
17,23	1
17,24	0
17,25	0
17,26	4
17,27	3
17,27	1
17,28	1
17,29	4
17,30	1
17,31	4
17,31	2
17,32	2
17,33	1
17,34	0
17,35	1
17,35	1
17,36	2
17,37	1
17,38	2
17,39	0
17,39	2
17,40	0
17,41	0
17,42	1
17,43	1
17,43	3
17,44	2
17,45	0
17,46	0
17,47	2
17,47	3
17,48	0
17,49	1
17,50	1
17,51	0
17,51	1
17,52	0
17,53	0
17,54	2
17,54	0
17,55	2
17,56	1
17,57	1
17,58	1
17,58	0
17,59	2
17,60	3
17,61	3
17,62	1
17,62	3
17,63	3
17,64	1
17,65	0
17,66	3
17,66	0
17,67	3
17,68	1
17,69	2
17,70	1
17,70	1
17,71	2
17,72	2
17,73	0
17,74	1
17,74	2
17,75	3
17,76	0
17,77	2
17,78	2
17,78	4
17,79	2
17,80	2
17,81	0
17,82	1
17,82	0
17,83	5
17,84	3
17,85	2
17,86	2
17,86	5
17,87	1
17,88	4
17,89	0
17,90	1
17,90	1
17,91	3
17,92	0
17,93	0
17,94	2
17,94	1
17,95	1
17,96	0
17,97	0
17,97	0
17,98	0
17,99	1
18,00	3
18,01	2
18,01	0
18,02	3
18,03	1
18,04	2
18,05	1
18,05	1
18,06	0
18,07	0
18,08	3
18,09	2
18,09	0
18,10	0
18,11	1
18,12	0
18,13	1
18,13	1
18,14	1
18,15	3
18,16	4
18,17	4
18,17	1
18,18	0
18,19	2
18,20	1
18,21	1
18,21	2
18,22	0
18,23	1
18,24	0
18,25	1
18,25	2
18,26	0
18,27	1
18,28	2
18,29	3
18,29	3
18,30	2
18,31	1
18,32	3
18,33	1
18,33	2
18,34	0
18,35	2
18,36	0
18,37	0
18,37	1
18,38	3
18,39	1
18,40	4
18,40	0
18,41	1
18,42	5
18,43	3
18,44	2
18,44	1
18,45	0
18,46	4
18,47	1
18,48	1
18,48	2
18,49	4
18,50	0
18,51	2
18,52	5
18,52	4
18,53	1
18,54	2
18,55	1
18,56	1
18,56	2
18,57	1
18,58	3
18,59	0
18,60	2
18,60	4
18,61	2
18,62	3
18,63	3
18,64	0
18,64	0
18,65	0
18,66	1
18,67	2
18,68	0
18,68	1
18,69	0
18,70	1
18,71	2
18,72	1
18,72	0
18,73	1
18,74	5
18,75	1
18,76	2
18,76	0
18,77	2
18,78	2
18,79	4
18,80	0
18,80	3
18,81	0
18,82	4
18,83	2
18,83	1
18,84	1
18,85	2
18,86	2
18,87	3
18,87	0
18,88	3
18,89	2
18,90	2
18,91	4
18,91	1
18,92	2
18,93	3
18,94	3
18,95	1
18,95	1
18,96	4
18,97	4
18,98	2
18,99	2
18,99	4
19,00	4
19,01	4
19,02	3
19,03	3
19,03	0
19,04	3
19,05	5
19,06	4
19,07	2
19,07	4
19,08	2
19,09	2
19,10	3
19,11	3
19,11	0
19,12	1
19,13	1
19,14	2
19,15	5
19,15	3
19,16	5
19,17	3
19,18	0
19,19	5
19,19	1
19,20	4
19,21	5
19,22	2
19,23	3
19,23	2
19,24	2
19,25	1
19,26	6
19,26	3
19,27	1
19,28	5
19,29	2
19,30	2
19,30	5
19,31	0
19,32	0
19,33	6
19,34	3
19,34	6
19,35	4
19,36	5
19,37	3
19,38	3
19,38	3
19,39	3
19,40	1
19,41	0
19,42	5
19,42	4
19,43	2
19,44	5
19,45	4
19,46	1
19,46	3
19,47	3
19,48	4
19,49	2
19,50	5
19,50	1
19,51	3
19,52	0
19,53	5
19,54	7
19,54	4
19,55	3
19,56	6
19,57	15
19,58	8
19,58	4
19,59	1
19,60	4
19,61	4
19,62	3
19,62	9
19,63	8
19,64	9
19,65	4
19,65	6
19,66	3
19,67	8
19,68	3
19,69	5
19,69	6
19,70	3
19,71	6
19,72	13
19,73	5
19,73	5
19,74	5
19,75	8
19,76	9
19,77	9
19,77	7
19,78	5
19,79	8
19,80	7
19,81	16
19,81	6
19,82	7
19,83	5
19,84	2
19,85	11
19,85	6
19,86	9
19,87	7
19,88	8
19,89	11
19,89	4
19,90	10
19,91	7
19,92	11
19,93	8
19,93	10
19,94	10
19,95	6
19,96	11
19,97	7
19,97	6
19,98	7
19,99	5
20,00	5
20,01	5
20,01	10
20,02	9
20,03	4
20,04	6
20,05	9
20,05	12
20,06	9
20,07	6
20,08	10
20,08	7
20,09	10
20,10	10
20,11	12
20,12	10
20,12	14
20,13	8
20,14	10
20,15	6
20,16	5
20,16	9
20,17	10
20,18	12
20,19	6
20,20	7
20,20	11
20,21	3
20,22	11
20,23	15
20,24	10
20,24	12
20,25	11
20,26	15
20,27	9
20,28	11
20,28	8
20,29	11
20,30	8
20,31	14
20,32	12
20,32	9
20,33	21
20,34	8
20,35	9
20,36	11
20,36	8
20,37	12
20,38	9
20,39	14
20,40	8
20,40	14
20,41	10
20,42	8
20,43	12
20,44	19
20,44	16
20,45	11
20,46	15
20,47	14
20,48	12
20,48	17
20,49	6
20,50	11
20,51	3
20,51	8
20,52	11
20,53	9
20,54	14
20,55	18
20,55	11
20,56	9
20,57	13
20,58	13
20,59	18
20,59	8
20,60	15
20,61	13
20,62	7
20,63	9
20,63	18
20,64	12
20,65	13
20,66	14
20,67	8
20,67	8
20,68	15
20,69	12
20,70	8
20,71	10
20,71	14
20,72	12
20,73	5
20,74	15
20,75	12
20,75	15
20,76	11
20,77	8
20,78	15
20,79	13
20,79	11
20,80	10
20,81	13
20,82	15
20,83	16
20,83	4
20,84	8
20,85	14
20,86	12
20,87	10
20,87	11
20,88	9
20,89	14
20,90	16
20,91	11
20,91	7
20,92	17
20,93	14
20,94	14
20,94	14
20,95	10
20,96	8
20,97	8
20,98	5
20,98	12
20,99	16
21,00	7
21,01	7
21,02	10
21,02	9
21,03	7
21,04	5
21,05	5
21,06	7
21,06	8
21,07	7
21,08	7
21,09	5
21,10	10
21,10	5
21,11	9
21,12	6
21,13	5
21,14	7
21,14	2
21,15	3
21,16	10
21,17	9
21,18	5
21,18	7
21,19	3
21,20	9
21,21	9
21,22	7
21,22	6
21,23	3
21,24	4
21,25	9
21,26	7
21,26	6
21,27	5
21,28	8
21,29	6
21,30	2
21,30	5
21,31	2
21,32	6
21,33	4
21,34	7
21,34	3
21,35	6
21,36	3
21,37	2
21,37	6
21,38	2
21,39	7
21,40	9
21,41	4
21,41	2
21,42	4
21,43	7
21,44	0
21,45	6
21,45	5
21,46	7
21,47	2
21,48	8
21,49	2
21,49	4
21,50	10
21,51	4
21,52	7
21,53	6
21,53	4
21,54	3
21,55	4
21,56	5
21,57	3
21,57	3
21,58	5
21,59	6
21,60	3
21,61	2
21,61	6
21,62	3
21,63	0
21,64	4
21,65	2
21,65	2
21,66	5
21,67	5
21,68	0
21,69	1
21,69	3
21,70	2
21,71	6
21,72	0
21,73	6
21,73	4
21,74	1
21,75	3
21,76	4
21,77	2
21,77	3
21,78	2
21,79	1
21,80	1
21,80	4
21,81	0
21,82	2
21,83	1
21,84	3
21,84	1
21,85	1
21,86	1
21,87	0
21,88	0
21,88	2
21,89	0
21,90	2
21,91	1
21,92	1
21,92	2
21,93	0
21,94	2
21,95	1
21,96	3
21,96	0
21,97	0
21,98	2
21,99	2
22,00	1
22,00	0
22,01	4
22,02	1
22,03	1
22,04	0
22,04	2
22,05	3
22,06	2
22,07	1
22,08	2
22,08	1
22,09	1
22,10	3
22,11	1
22,12	1
22,12	1
22,13	0
22,14	0
22,15	2
22,16	0
22,16	4
22,17	0
22,18	0
22,19	1
22,20	3
22,20	3
22,21	3
22,22	4
22,23	4
22,23	1
22,24	5
22,25	2
22,26	2
22,27	0
22,27	1
22,28	1
22,29	1
22,30	0
22,31	0
22,31	3
22,32	0
22,33	3
22,34	1
22,35	2
22,35	0
22,36	1
22,37	2
22,38	0
22,39	1
22,39	2
22,40	1
22,41	1
22,42	1
22,43	0
22,43	1
22,44	0
22,45	2
22,46	2
22,47	0
22,47	4
22,48	2
22,49	2
22,50	3
22,51	1
22,51	0
22,52	0
22,53	1
22,54	2
22,55	1
22,55	0
22,56	1
22,57	0
22,58	1
22,59	2
22,59	0
22,60	1
22,61	1
22,62	2
22,62	1
22,63	0
22,64	2
22,65	4
22,66	0
22,66	1
22,67	5
22,68	0
22,69	4
22,70	0
22,70	1
22,71	1
22,72	3
22,73	2
22,74	1
22,74	2
22,75	1
22,76	2
22,77	1
22,78	1
22,78	1
22,79	1
22,80	3
22,81	1
22,82	0
22,82	1
22,83	0
22,84	2
22,85	1
22,86	3
22,86	0
22,87	1
22,88	3
22,89	1
22,90	0
22,90	1
22,91	3
22,92	0
22,93	0
22,94	1
22,94	2
22,95	0
22,96	0
22,97	1
22,98	3
22,98	3
22,99	4
23,00	0
23,01	2
23,02	2
23,02	2
23,03	1
23,04	0
23,05	1
23,05	1
23,06	1
23,07	0
23,08	0
23,09	2
23,09	2
23,10	0
23,11	0
23,12	2
23,13	2
23,13	2
23,14	1
23,15	1
23,16	1
23,17	1
23,17	1
23,18	2
23,19	1
23,20	3
23,21	6
23,21	1
23,22	3
23,23	3
23,24	4
23,25	2
23,25	0
23,26	4
23,27	6
23,28	1
23,29	2
23,29	2
23,30	3
23,31	5
23,32	5
23,33	2
23,33	1
23,34	1
23,35	2
23,36	4
23,37	2
23,37	6
23,38	3
23,39	2
23,40	1
23,41	0
23,41	5
23,42	0
23,43	1
23,44	10
23,45	6
23,45	6
23,46	3
23,47	1
23,48	2
23,48	2
23,49	3
23,50	8
23,51	5
23,52	6
23,52	5
23,53	2
23,54	2
23,55	3
23,56	3
23,56	5
23,57	3
23,58	6
23,59	3
23,60	4
23,60	4
23,61	0
23,62	3
23,63	2
23,64	1
23,64	1
23,65	6
23,66	4
23,67	3
23,68	3
23,68	4
23,69	5
23,70	4
23,71	6
23,72	3
23,72	3
23,73	2
23,74	5
23,75	5
23,76	7
23,76	4
23,77	3
23,78	6
23,79	5
23,80	4
23,80	5
23,81	5
23,82	10
23,83	5
23,84	14
23,84	6
23,85	7
23,86	6
23,87	3
23,88	4
23,88	9
23,89	3
23,90	4
23,91	4
23,91	5
23,92	9
23,93	5
23,94	7
23,95	10
23,95	7
23,96	7
23,97	4
23,98	10
23,99	6
23,99	3
24,00	5
24,01	3
24,02	7
24,03	6
24,03	4
24,04	9
24,05	8
24,06	8
24,07	10
24,07	6
24,08	10
24,09	9
24,10	4
24,11	10
24,11	11
24,12	8
24,13	6
24,14	10
24,15	9
24,15	10
24,16	4
24,17	7
24,18	13
24,19	9
24,19	3
24,20	5
24,21	6
24,22	11
24,23	5
24,23	8
24,24	11
24,25	10
24,26	10
24,27	11
24,27	8
24,28	12
24,29	8
24,30	8
24,31	12
24,31	13
24,32	10
24,33	12
24,34	12
24,34	10
24,35	10
24,36	9
24,37	7
24,38	7
24,38	9
24,39	12
24,40	10
24,41	14
24,42	6
24,42	5
24,43	11
24,44	8
24,45	12
24,46	9
24,46	6
24,47	2
24,48	7
24,49	5
24,50	6
24,50	7
24,51	7
24,52	9
24,53	4
24,54	15
24,54	7
24,55	11
24,56	8
24,57	12
24,58	11
24,58	14
24,59	10
24,60	12
24,61	7
24,62	9
24,62	10
24,63	9
24,64	10
24,65	13
24,66	13
24,66	10
24,67	7
24,68	18
24,69	12
24,70	8
24,70	12
24,71	12
24,72	7
24,73	11
24,74	12
24,74	16
24,75	10
24,76	11
24,77	13
24,77	6
24,78	9
24,79	9
24,80	6
24,81	10
24,81	10
24,82	7
24,83	10
24,84	13
24,85	8
24,85	10
24,86	15
24,87	11
24,88	9
24,89	10
24,89	14
24,90	9
24,91	6
24,92	7
24,93	6
24,93	4
24,94	11
24,95	4
24,96	8
24,97	10
24,97	10
24,98	8
24,99	2
25,00	7
25,01	4
25,01	13
25,02	11
25,03	9
25,04	6
25,05	8
25,05	9
25,06	6
25,07	12
25,08	3
25,09	6
25,09	5
25,10	7
25,11	4
25,12	6
25,13	12
25,13	7
25,14	8
25,15	7
25,16	13
25,17	2
25,17	7
25,18	8
25,19	4
25,20	9
25,20	2
25,21	4
25,22	5
25,23	11
25,24	8
25,24	7
25,25	7
25,26	9
25,27	6
25,28	10
25,28	8
25,29	3
25,30	11
25,31	4
25,32	2
25,32	5
25,33	3
25,34	6
25,35	4
25,36	7
25,36	5
25,37	5
25,38	4
25,39	5
25,40	5
25,40	10
25,41	6
25,42	3
25,43	5
25,44	5
25,44	5
25,45	10
25,46	4
25,47	4
25,48	5
25,48	5
25,49	4
25,50	4
25,51	5
25,52	1
25,52	3
25,53	1
25,54	4
25,55	6
25,56	5
25,56	3
25,57	3
25,58	4
25,59	3
25,59	3
25,60	4
25,61	1
25,62	5
25,63	2
25,63	6
25,64	3
25,65	1
25,66	4
25,67	2
25,67	2
25,68	2
25,69	4
25,70	4
25,71	4
25,71	1
25,72	2
25,73	3
25,74	3
25,75	2
25,75	2
25,76	4
25,77	3
25,78	3
25,79	1
25,79	0
25,80	3
25,81	1
25,82	3
25,83	3
25,83	6
25,84	4
25,85	4
25,86	2
25,87	0
25,87	2
25,88	0
25,89	2
25,90	1
25,91	1
25,91	2
25,92	5
25,93	1
25,94	1
25,95	0
25,95	1
25,96	3
25,97	0
25,98	0
25,99	2
25,99	2
26,00	2
26,01	0
26,02	2
26,02	2
26,03	3
26,04	1
26,05	1
26,06	1
26,06	2
26,07	1
26,08	1
26,09	3
26,10	0
26,10	0
26,11	0
26,12	0
26,13	1
26,14	0
26,14	2
26,15	1
26,16	0
26,17	0
26,18	3
26,18	0
26,19	3
26,20	1
26,21	0
26,22	1
26,22	0
26,23	0
26,24	0
26,25	1
26,26	1
26,26	1
26,27	1
26,28	0
26,29	0
26,30	4
26,30	0
26,31	1
26,32	0
26,33	0
26,34	1
26,34	2
26,35	3
26,36	1
26,37	0
26,38	0
26,38	0
26,39	1
26,40	0
26,41	1
26,42	0
26,42	1
26,43	1
26,44	0
26,45	2
26,45	0
26,46	0
26,47	0
26,48	0
26,49	0
26,49	1
26,50	2
26,51	0
26,52	1
26,53	1
26,53	0
26,54	1
26,55	0
26,56	0
26,57	0
26,57	0
26,58	0
26,59	0
26,60	0
26,61	2
26,61	1
26,62	2
26,63	0
26,64	0
26,65	2
26,65	1
26,66	0
26,67	0
26,68	1
26,69	0
26,69	0
26,70	0
26,71	0
26,72	0
26,73	0
26,73	1
26,74	1
26,75	1
26,76	0
26,77	0
26,77	0
26,78	0
26,79	1
26,80	0
26,81	0
26,81	0
26,82	0
26,83	0
26,84	0
26,85	0
26,85	1
26,86	1
26,87	0
26,88	0
26,88	0
26,89	1
26,90	1
26,91	1
26,92	0
26,92	0
26,93	2
26,94	0
26,95	0
26,96	0
26,96	0
26,97	1
26,98	0
26,99	0
27,00	1
27,00	0
27,01	0
27,02	0
27,03	0
27,04	1
27,04	0
27,05	0
27,06	2
27,07	0
27,08	0
27,08	1
27,09	1
27,10	0
27,11	1
27,12	0
27,12	0
27,13	0
27,14	0
27,15	1
27,16	1
27,16	1
27,17	0
27,18	0
27,19	1
27,20	1
27,20	0
27,21	0
27,22	0
27,23	1
27,24	0
27,24	0
27,25	0
27,26	1
27,27	0
27,28	0
27,28	1
27,29	0
27,30	0
27,31	0
27,31	1
27,32	0
27,33	0
27,34	0
27,35	2
27,35	0
27,36	0
27,37	0
27,38	1
27,39	1
27,39	1
27,40	2
27,41	0
27,42	0
27,43	0
27,43	0
27,44	1
27,45	0
27,46	0
27,47	0
27,47	0
27,48	0
27,49	0
27,50	0
27,51	1
27,51	0
27,52	0
27,53	1
27,54	0
27,55	0
27,55	1
27,56	0
27,57	0
27,58	0
27,59	0
27,59	0
27,60	1
27,61	0
27,62	1
27,63	0
27,63	0
27,64	0
27,65	0
27,66	0
27,67	0
27,67	2
27,68	1
27,69	0
27,70	1
27,71	0
27,71	1
27,72	0
27,73	0
27,74	1
27,74	1
27,75	0
27,76	2
27,77	1
27,78	0
27,78	2
27,79	0
27,80	0
27,81	1
27,82	0
27,82	0
27,83	0
27,84	1
27,85	2
27,86	0
27,86	0
27,87	1
27,88	0
27,89	1
27,90	2
27,90	0
27,91	1
27,92	0
27,93	2
27,94	0
27,94	0
27,95	2
27,96	0
27,97	1
27,98	1
27,98	0
27,99	0
28,00	0
28,01	0
28,02	1
28,02	0
28,03	0
28,04	2
28,05	0
28,06	1
28,06	2
28,07	0
28,08	3
28,09	1
28,10	1
28,10	2
28,11	2
28,12	0
28,13	0
28,14	1
28,14	0
28,15	0
28,16	2
28,17	0
28,17	1
28,18	0
28,19	0
28,20	0
28,21	0
28,21	1
28,22	0
28,23	0
28,24	0
28,25	0
28,25	0
28,26	0
28,27	0
28,28	1
28,29	0
28,29	1
28,30	0
28,31	0
28,32	3
28,33	0
28,33	1
28,34	1
28,35	0
28,36	0
28,37	0
28,37	1
28,38	1
28,39	1
28,40	1
28,41	0
28,41	3
28,42	1
28,43	1
28,44	1
28,45	1
28,45	1
28,46	1
28,47	1
28,48	2
28,49	1
28,49	0
28,50	2
28,51	1
28,52	2
28,53	3
28,53	1
28,54	1
28,55	1
28,56	4
28,57	1
28,57	5
28,58	0
28,59	1
28,60	1
28,60	1
28,61	1
28,62	0
28,63	2
28,64	1
28,64	2
28,65	1
28,66	2
28,67	0
28,68	1
28,68	0
28,69	1
28,70	0
28,71	1
28,72	1
28,72	2
28,73	0
28,74	3
28,75	1
28,76	1
28,76	2
28,77	1
28,78	2
28,79	1
28,80	1
28,80	1
28,81	0
28,82	2
28,83	2
28,84	3
28,84	2
28,85	0
28,86	1
28,87	0
28,88	1
28,88	0
28,89	1
28,90	0
28,91	1
28,92	1
28,92	1
28,93	3
28,94	3
28,95	2
28,96	0
28,96	0
28,97	2
28,98	3
28,99	1
28,99	6
29,00	1
29,01	0
29,02	2
29,03	1
29,03	0
29,04	2
29,05	3
29,06	1
29,07	2
29,07	0
29,08	2
29,09	2
29,10	3
29,11	1
29,11	2
29,12	2
29,13	3
29,14	0
29,15	1
29,15	2
29,16	0
29,17	1
29,18	2
29,19	3
29,19	2
29,20	1
29,21	1
29,22	1
29,23	2
29,23	3
29,24	0
29,25	0
29,26	2
29,27	2
29,27	3
29,28	1
29,29	2
29,30	1
29,31	1
29,31	3
29,32	0
29,33	1
29,34	2
29,35	1
29,35	0
29,36	2
29,37	1
29,38	2
29,39	0
29,39	1
29,40	1
29,41	2
29,42	1
29,42	1
29,43	2
29,44	0
29,45	2
29,46	2
29,46	1
29,47	0
29,48	2
29,49	2
29,50	0
29,50	0
29,51	1
29,52	0
29,53	1
29,54	1
29,54	2
29,55	2
29,56	0
29,57	1
29,58	2
29,58	0
29,59	3
29,60	2
29,61	2
29,62	1
29,62	1
29,63	1
29,64	0
29,65	0
29,66	2
29,66	1
29,67	0
29,68	2
29,69	0
29,70	0
29,70	1
29,71	2
29,72	4
29,73	4
29,74	0
29,74	1
29,75	2
29,76	1
29,77	2
29,78	3
29,78	1
29,79	0
29,80	0
29,81	1
29,82	2
29,82	1
29,83	1
29,84	2
29,85	0
29,85	0
29,86	1
29,87	1
29,88	1
29,89	2
29,89	0
29,90	1
29,91	0
29,92	0
29,93	0
29,93	0
29,94	1
29,95	0
29,96	0
29,97	0
29,97	1
29,98	1
29,99	1
30,00	3
30,01	0
30,01	1
30,02	1
30,03	0
30,04	1
30,05	1
30,05	0
30,06	0
30,07	1
30,08	0
30,09	2
30,09	1
30,10	1
30,11	1
30,12	0
30,13	2
30,13	0
30,14	2
30,15	0
30,16	0
30,17	0
30,17	1
30,18	1
30,19	0
30,20	1
30,21	1
30,21	0
30,22	0
30,23	0
30,24	2
30,25	0
30,25	1
30,26	0
30,27	1
30,28	2
30,28	1
30,29	0
30,30	0
30,31	1
30,32	1
30,32	0
30,33	1
30,34	0
30,35	0
30,36	0
30,36	0
30,37	2
30,38	0
30,39	1
30,40	1
30,40	0
30,41	0
30,42	2
30,43	0
30,44	2
30,44	0
30,45	0
30,46	0
30,47	0
30,48	0
30,48	0
30,49	0
30,50	0
30,51	0
30,52	2
30,52	1
30,53	0
30,54	0
30,55	0
30,56	0
30,56	0
30,57	1
30,58	0
30,59	0
30,60	1
30,60	1
30,61	0
30,62	0
30,63	0
30,64	0
30,64	0
30,65	0
30,66	0
30,67	1
30,68	0
30,68	0
30,69	1
30,70	1
30,71	0
30,71	0
30,72	0
30,73	0
30,74	0
30,75	0
30,75	0
30,76	0
30,77	0
30,78	0
30,79	1
30,79	0
30,80	0
30,81	0
30,82	0
30,83	0
30,83	0
30,84	0
30,85	0
30,86	0
30,87	0
30,87	0
30,88	1
30,89	1
30,90	0
30,91	0
30,91	0
30,92	1
30,93	0
30,94	0
30,95	0
30,95	1
30,96	0
30,97	0
30,98	1
30,99	1
30,99	0
31,00	0
31,01	1
31,02	1
31,03	0
31,03	0
31,04	2
31,05	0
31,06	0
31,07	0
31,07	0
31,08	1
31,09	0
31,10	1
31,11	0
31,11	0
31,12	1
31,13	0
31,14	0
31,14	1
31,15	0
31,16	0
31,17	0
31,18	0
31,18	0
31,19	0
31,20	0
31,21	0
31,22	1
31,22	1
31,23	0
31,24	0
31,25	0
31,26	1
31,26	0
31,27	2
31,28	0
31,29	1
31,30	0
31,30	0
31,31	0
31,32	0
31,33	0
31,34	0
31,34	0
31,35	0
31,36	0
31,37	0
31,38	0
31,38	0
31,39	0
31,40	0
31,41	0
31,42	0
31,42	0
31,43	1
31,44	1
31,45	0
31,46	0
31,46	0
31,47	0
31,48	0
31,49	0
31,50	0
31,50	0
31,51	0
31,52	0
31,53	0
31,54	0
31,54	0
31,55	0
31,56	0
31,57	0
31,57	1
31,58	0
31,59	1
31,60	0
31,61	0
31,61	0
31,62	0
31,63	1
31,64	0
31,65	1
31,65	0
31,66	0
31,67	0
31,68	0
31,69	0
31,69	0
31,70	1
31,71	0
31,72	0
31,73	0
31,73	0
31,74	0
31,75	0
31,76	0
31,77	1
31,77	0
31,78	0
31,79	0
31,80	0
31,81	0
31,81	1
31,82	0
31,83	0
31,84	1
31,85	0
31,85	0
31,86	1
31,87	0
31,88	1
31,89	0
31,89	1
31,90	0
31,91	1
31,92	0
31,93	0
31,93	0
31,94	0
31,95	0
31,96	0
31,97	0
31,97	0
31,98	0
31,99	0
32,00	0
32,00	0
32,01	0
32,02	0
32,03	0
32,04	0
32,04	0
32,05	0
32,06	0
32,07	0
32,08	0
32,08	0
32,09	0
32,10	0
32,11	0
32,12	0
32,12	0
32,13	0
32,14	0
32,15	1
32,16	0
32,16	0
32,17	0
32,18	0
32,19	1
32,20	1
32,20	0
32,21	0
32,22	0
32,23	0
32,24	0
32,24	0
32,25	0
32,26	0
32,27	0
32,28	0
32,28	0
32,29	0
32,30	0
32,31	0
32,32	0
32,32	0
32,33	0
32,34	0
32,35	0
32,36	0
32,36	0
32,37	0
32,38	0
32,39	1
32,39	0
32,40	0
32,41	0
32,42	0
32,43	0
32,43	1
32,44	0
32,45	0
32,46	1
32,47	0
32,47	1
32,48	1
32,49	0
32,50	0
32,51	0
32,51	0
32,52	0
32,53	0
32,54	1
32,55	0
32,55	0
32,56	0
32,57	0
32,58	1
32,59	0
32,59	0
32,60	0
32,61	0
32,62	0
32,63	0
32,63	0
32,64	0
32,65	1
32,66	0
32,67	1
32,67	0
32,68	0
32,69	0
32,70	0
32,71	0
32,71	0
32,72	0
32,73	0
32,74	1
32,75	1
32,75	0
32,76	0
32,77	0
32,78	0
32,79	1
32,79	0
32,80	0
32,81	0
32,82	0
32,82	0
32,83	0
32,84	0
32,85	0
32,86	0
32,86	0
32,87	0
32,88	0
32,89	0
32,90	0
32,90	0
32,91	0
32,92	0
32,93	0
32,94	0
32,94	0
32,95	0
32,96	0
32,97	0
32,98	0
32,98	0
32,99	1
33,00	0
33,01	0
33,02	1
33,02	0
33,03	0
33,04	0
33,05	0
33,06	0
33,06	1
33,07	1
33,08	0
33,09	0
33,10	0
33,10	0
33,11	0
33,12	0
33,13	1
33,14	0
33,14	1
33,15	0
33,16	0
33,17	0
33,18	0
33,18	0
33,19	0
33,20	0
33,21	1
33,22	1
33,22	0
33,23	0
33,24	0
33,25	0
33,25	0
33,26	0
33,27	0
33,28	1
33,29	0
33,29	0
33,30	0
33,31	0
33,32	0
33,33	2
33,33	0
33,34	0
33,35	0
33,36	1
33,37	0
33,37	0
33,38	0
33,39	1
33,40	0
33,41	0
33,41	0
33,42	0
33,43	1
33,44	0
33,45	1
33,45	0
33,46	0
33,47	0
33,48	0
33,49	0
33,49	0
33,50	0
33,51	0
33,52	0
33,53	0
33,53	0
33,54	0
33,55	0
33,56	0
33,57	0
33,57	0
33,58	1
33,59	0
33,60	0
33,61	1
33,61	0
33,62	0
33,63	0
33,64	1
33,65	0
33,65	1
33,66	2
33,67	0
33,68	0
33,68	0
33,69	0
33,70	1
33,71	0
33,72	0
33,72	0
33,73	0
33,74	0
33,75	0
33,76	0
33,76	0
33,77	0
33,78	0
33,79	0
33,80	0
33,80	0
33,81	0
33,82	1
33,83	0
33,84	0
33,84	0
33,85	0
33,86	0
33,87	0
33,88	0
33,88	0
33,89	0
33,90	0
33,91	0
33,92	0
33,92	0
33,93	0
33,94	0
33,95	0
33,96	0
33,96	0
33,97	0
33,98	0
33,99	0
34,00	1
34,00	0
34,01	1
34,02	0
34,03	0
34,04	0
34,04	1
34,05	0
34,06	0
34,07	0
34,08	0
34,08	1
34,09	0
34,10	0
34,11	0
34,11	0
34,12	0
34,13	0
34,14	0
34,15	0
34,15	0
34,16	0
34,17	0
34,18	1
34,19	0
34,19	0
34,20	0
34,21	0
34,22	0
34,23	0
34,23	0
34,24	0
34,25	0
34,26	0
34,27	1
34,27	0
34,28	0
34,29	1
34,30	0
34,31	0
34,31	0
34,32	0
34,33	0
34,34	0
34,35	0
34,35	0
34,36	0
34,37	1
34,38	0
34,39	0
34,39	0
34,40	0
34,41	0
34,42	0
34,43	0
34,43	0
34,44	0
34,45	0
34,46	0
34,47	0
34,47	0
34,48	0
34,49	0
34,50	0
34,51	0
34,51	1
34,52	0
34,53	0
34,54	0
34,54	0
34,55	0
34,56	0
34,57	0
34,58	0
34,58	0
34,59	1
34,60	0
34,61	0
34,62	0
34,62	0
34,63	0
34,64	0
34,65	0
34,66	0
34,66	0
34,67	0
34,68	0
34,69	0
34,70	0
34,70	0
34,71	0
34,72	0
34,73	0
34,74	0
34,74	0
34,75	0
34,76	0
34,77	0
34,78	0
34,78	0
34,79	1
34,80	0
34,81	0
34,82	0
34,82	0
34,83	0
34,84	2
34,85	0
34,86	0
34,86	0
34,87	0
34,88	0
34,89	0
34,90	0
34,90	0
34,91	0
34,92	0
34,93	0
34,94	0
34,94	0
34,95	0
34,96	0
34,97	1
34,97	0
34,98	0
34,99	0
35,00	1
35,01	0
35,01	0
35,02	0
35,03	0
35,04	0
35,05	0
35,05	0
35,06	0
