Energie	Impulse
E/keV	Impulse/#

3,21	0
3,22	0
3,23	0
3,24	0
3,24	0
3,25	0
3,26	0
3,27	0
3,28	0
3,28	0
3,29	0
3,30	0
3,31	0
3,32	0
3,32	0
3,33	0
3,34	0
3,35	0
3,36	0
3,36	0
3,37	0
3,38	0
3,39	0
3,40	0
3,40	0
3,41	0
3,42	0
3,43	0
3,44	0
3,44	0
3,45	0
3,46	0
3,47	0
3,48	0
3,48	0
3,49	0
3,50	0
3,51	0
3,51	0
3,52	0
3,53	0
3,54	0
3,55	0
3,55	0
3,56	0
3,57	0
3,58	0
3,59	0
3,59	0
3,60	0
3,61	0
3,62	0
3,63	0
3,63	0
3,64	0
3,65	0
3,66	0
3,67	0
3,67	0
3,68	0
3,69	0
3,70	0
3,71	0
3,71	0
3,72	0
3,73	0
3,74	0
3,75	0
3,75	0
3,76	0
3,77	0
3,78	0
3,79	0
3,79	0
3,80	0
3,81	1
3,82	0
3,83	1
3,83	1
3,84	0
3,85	1
3,86	1
3,87	1
3,87	1
3,88	1
3,89	0
3,90	0
3,91	2
3,91	2
3,92	1
3,93	0
3,94	1
3,94	2
3,95	1
3,96	0
3,97	2
3,98	0
3,98	3
3,99	3
4,00	2
4,01	0
4,02	0
4,02	0
4,03	0
4,04	0
4,05	3
4,06	1
4,06	1
4,07	0
4,08	0
4,09	2
4,10	3
4,10	2
4,11	1
4,12	1
4,13	1
4,14	3
4,14	3
4,15	1
4,16	1
4,17	3
4,18	1
4,18	1
4,19	1
4,20	2
4,21	2
4,22	2
4,22	1
4,23	0
4,24	1
4,25	0
4,26	0
4,26	1
4,27	2
4,28	1
4,29	2
4,30	0
4,30	3
4,31	1
4,32	3
4,33	1
4,34	0
4,34	0
4,35	1
4,36	2
4,37	1
4,37	1
4,38	1
4,39	1
4,40	2
4,41	0
4,41	0
4,42	1
4,43	2
4,44	0
4,45	3
4,45	1
4,46	2
4,47	2
4,48	1
4,49	1
4,49	3
4,50	3
4,51	1
4,52	2
4,53	1
4,53	2
4,54	0
4,55	1
4,56	1
4,57	2
4,57	0
4,58	3
4,59	1
4,60	1
4,61	5
4,61	0
4,62	1
4,63	1
4,64	0
4,65	1
4,65	2
4,66	1
4,67	3
4,68	4
4,69	0
4,69	2
4,70	2
4,71	1
4,72	2
4,73	0
4,73	0
4,74	1
4,75	1
4,76	2
4,77	3
4,77	1
4,78	3
4,79	2
4,80	1
4,80	0
4,81	1
4,82	1
4,83	4
4,84	0
4,84	0
4,85	1
4,86	1
4,87	2
4,88	1
4,88	0
4,89	0
4,90	0
4,91	0
4,92	3
4,92	3
4,93	1
4,94	0
4,95	0
4,96	2
4,96	1
4,97	0
4,98	1
4,99	2
5,00	1
5,00	3
5,01	3
5,02	3
5,03	0
5,04	0
5,04	0
5,05	1
5,06	3
5,07	1
5,08	3
5,08	4
5,09	4
5,10	1
5,11	3
5,12	4
5,12	0
5,13	2
5,14	1
5,15	2
5,16	0
5,16	1
5,17	2
5,18	0
5,19	1
5,20	0
5,20	0
5,21	2
5,22	0
5,23	3
5,23	2
5,24	0
5,25	1
5,26	2
5,27	3
5,27	3
5,28	2
5,29	0
5,30	1
5,31	0
5,31	3
5,32	0
5,33	3
5,34	0
5,35	1
5,35	2
5,36	1
5,37	1
5,38	0
5,39	2
5,39	3
5,40	2
5,41	0
5,42	2
5,43	5
5,43	2
5,44	1
5,45	0
5,46	2
5,47	1
5,47	0
5,48	3
5,49	0
5,50	2
5,51	0
5,51	1
5,52	2
5,53	2
5,54	3
5,55	2
5,55	1
5,56	1
5,57	0
5,58	1
5,59	1
5,59	0
5,60	0
5,61	1
5,62	2
5,63	1
5,63	1
5,64	2
5,65	1
5,66	1
5,66	1
5,67	3
5,68	2
5,69	1
5,70	1
5,70	1
5,71	3
5,72	4
5,73	2
5,74	3
5,74	2
5,75	3
5,76	0
5,77	0
5,78	2
5,78	1
5,79	3
5,80	2
5,81	1
5,82	1
5,82	2
5,83	2
5,84	0
5,85	3
5,86	0
5,86	2
5,87	1
5,88	2
5,89	0
5,90	0
5,90	2
5,91	1
5,92	1
5,93	0
5,94	0
5,94	4
5,95	1
5,96	6
5,97	1
5,98	1
5,98	3
5,99	1
6,00	0
6,01	2
6,02	4
6,02	1
6,03	2
6,04	1
6,05	2
6,06	2
6,06	1
6,07	0
6,08	1
6,09	2
6,09	1
6,10	2
6,11	3
6,12	0
6,13	1
6,13	4
6,14	1
6,15	2
6,16	0
6,17	2
6,17	1
6,18	4
6,19	2
6,20	1
6,21	0
6,21	1
6,22	0
6,23	4
6,24	0
6,25	1
6,25	3
6,26	2
6,27	0
6,28	1
6,29	3
6,29	2
6,30	2
6,31	1
6,32	4
6,33	1
6,33	4
6,34	3
6,35	0
6,36	2
6,37	3
6,37	1
6,38	4
6,39	0
6,40	2
6,41	1
6,41	0
6,42	4
6,43	0
6,44	2
6,45	1
6,45	0
6,46	2
6,47	3
6,48	1
6,49	1
6,49	2
6,50	2
6,51	1
6,52	2
6,52	1
6,53	2
6,54	4
6,55	2
6,56	0
6,56	1
6,57	4
6,58	0
6,59	0
6,60	4
6,60	2
6,61	1
6,62	2
6,63	3
6,64	3
6,64	2
6,65	1
6,66	2
6,67	4
6,68	2
6,68	0
6,69	0
6,70	3
6,71	2
6,72	1
6,72	3
6,73	3
6,74	1
6,75	4
6,76	0
6,76	0
6,77	2
6,78	2
6,79	2
6,80	2
6,80	2
6,81	1
6,82	2
6,83	1
6,84	1
6,84	5
6,85	1
6,86	2
6,87	3
6,88	0
6,88	1
6,89	2
6,90	4
6,91	1
6,91	2
6,92	1
6,93	3
6,94	2
6,95	2
6,95	3
6,96	2
6,97	0
6,98	0
6,99	4
6,99	1
7,00	0
7,01	5
7,02	1
7,03	1
7,03	0
7,04	2
7,05	1
7,06	1
7,07	5
7,07	3
7,08	1
7,09	0
7,10	1
7,11	4
7,11	2
7,12	2
7,13	1
7,14	0
7,15	1
7,15	3
7,16	1
7,17	0
7,18	2
7,19	2
7,19	4
7,20	1
7,21	3
7,22	2
7,23	1
7,23	1
7,24	1
7,25	1
7,26	2
7,27	2
7,27	3
7,28	1
7,29	1
7,30	5
7,31	0
7,31	1
7,32	2
7,33	1
7,34	3
7,34	0
7,35	1
7,36	0
7,37	2
7,38	1
7,38	0
7,39	4
7,40	0
7,41	2
7,42	3
7,42	0
7,43	2
7,44	5
7,45	1
7,46	2
7,46	4
7,47	5
7,48	2
7,49	2
7,50	1
7,50	3
7,51	3
7,52	1
7,53	1
7,54	2
7,54	1
7,55	2
7,56	2
7,57	1
7,58	1
7,58	1
7,59	0
7,60	1
7,61	2
7,62	2
7,62	0
7,63	2
7,64	3
7,65	2
7,66	1
7,66	2
7,67	1
7,68	5
7,69	3
7,70	3
7,70	2
7,71	0
7,72	2
7,73	1
7,74	3
7,74	1
7,75	1
7,76	1
7,77	0
7,77	4
7,78	2
7,79	3
7,80	4
7,81	3
7,81	2
7,82	3
7,83	3
7,84	0
7,85	2
7,85	3
7,86	3
7,87	1
7,88	4
7,89	0
7,89	2
7,90	1
7,91	2
7,92	1
7,93	1
7,93	2
7,94	1
7,95	2
7,96	6
7,97	1
7,97	2
7,98	2
7,99	2
8,00	1
8,01	4
8,01	2
8,02	1
8,03	3
8,04	2
8,05	1
8,05	2
8,06	1
8,07	3
8,08	2
8,09	4
8,09	2
8,10	0
8,11	0
8,12	5
8,13	3
8,13	0
8,14	3
8,15	2
8,16	1
8,17	1
8,17	2
8,18	0
8,19	2
8,20	3
8,20	4
8,21	2
8,22	3
8,23	0
8,24	5
8,24	2
8,25	1
8,26	3
8,27	1
8,28	1
8,28	5
8,29	3
8,30	3
8,31	2
8,32	1
8,32	1
8,33	2
8,34	4
8,35	3
8,36	1
8,36	2
8,37	4
8,38	5
8,39	4
8,40	1
8,40	2
8,41	1
8,42	4
8,43	3
8,44	4
8,44	1
8,45	0
8,46	2
8,47	2
8,48	2
8,48	3
8,49	1
8,50	3
8,51	2
8,52	1
8,52	0
8,53	3
8,54	4
8,55	3
8,56	1
8,56	4
8,57	5
8,58	3
8,59	0
8,60	5
8,60	0
8,61	1
8,62	1
8,63	1
8,63	1
8,64	3
8,65	1
8,66	2
8,67	1
8,67	3
8,68	2
8,69	3
8,70	5
8,71	1
8,71	5
8,72	2
8,73	2
8,74	2
8,75	0
8,75	0
8,76	5
8,77	3
8,78	3
8,79	2
8,79	3
8,80	2
8,81	3
8,82	1
8,83	2
8,83	2
8,84	1
8,85	1
8,86	4
8,87	1
8,87	1
8,88	0
8,89	1
8,90	0
8,91	1
8,91	1
8,92	1
8,93	4
8,94	1
8,95	2
8,95	2
8,96	7
8,97	3
8,98	3
8,99	1
8,99	3
9,00	0
9,01	3
9,02	3
9,03	1
9,03	3
9,04	4
9,05	3
9,06	1
9,06	1
9,07	2
9,08	2
9,09	2
9,10	3
9,10	2
9,11	0
9,12	2
9,13	2
9,14	1
9,14	2
9,15	1
9,16	5
9,17	3
9,18	3
9,18	4
9,19	6
9,20	2
9,21	5
9,22	2
9,22	7
9,23	6
9,24	1
9,25	2
9,26	2
9,26	2
9,27	4
9,28	1
9,29	1
9,30	0
9,30	1
9,31	0
9,32	2
9,33	3
9,34	2
9,34	2
9,35	1
9,36	1
9,37	4
9,38	0
9,38	1
9,39	1
9,40	1
9,41	3
9,42	4
9,42	3
9,43	2
9,44	2
9,45	2
9,46	2
9,46	2
9,47	3
9,48	1
9,49	2
9,49	0
9,50	5
9,51	1
9,52	1
9,53	1
9,53	3
9,54	2
9,55	1
9,56	2
9,57	0
9,57	1
9,58	2
9,59	1
9,60	1
9,61	0
9,61	3
9,62	0
9,63	1
9,64	3
9,65	0
9,65	3
9,66	0
9,67	0
9,68	1
9,69	4
9,69	1
9,70	3
9,71	1
9,72	0
9,73	1
9,73	3
9,74	2
9,75	3
9,76	1
9,77	1
9,77	2
9,78	1
9,79	2
9,80	3
9,81	1
9,81	2
9,82	0
9,83	4
9,84	1
9,85	1
9,85	1
9,86	1
9,87	2
9,88	0
9,88	2
9,89	4
9,90	2
9,91	3
9,92	1
9,92	2
9,93	1
9,94	1
9,95	2
9,96	3
9,96	1
9,97	3
9,98	4
9,99	2
10,00	2
10,00	2
10,01	4
10,02	0
10,03	0
10,04	0
10,04	2
10,05	0
10,06	2
10,07	5
10,08	4
10,08	4
10,09	1
10,10	4
10,11	1
10,12	1
10,12	1
10,13	3
10,14	0
10,15	0
10,16	3
10,16	2
10,17	2
10,18	0
10,19	0
10,20	2
10,20	2
10,21	1
10,22	0
10,23	3
10,24	2
10,24	3
10,25	0
10,26	3
10,27	2
10,28	1
10,28	1
10,29	5
10,30	3
10,31	0
10,31	2
10,32	0
10,33	1
10,34	4
10,35	2
10,35	1
10,36	1
10,37	0
10,38	3
10,39	0
10,39	3
10,40	1
10,41	3
10,42	1
10,43	0
10,43	1
10,44	4
10,45	3
10,46	3
10,47	1
10,47	4
10,48	4
10,49	5
10,50	3
10,51	0
10,51	4
10,52	2
10,53	3
10,54	2
10,55	1
10,55	1
10,56	3
10,57	0
10,58	0
10,59	3
10,59	7
10,60	3
10,61	2
10,62	2
10,63	1
10,63	4
10,64	3
10,65	1
10,66	1
10,67	3
10,67	4
10,68	4
10,69	1
10,70	1
10,71	3
10,71	1
10,72	2
10,73	3
10,74	1
10,74	5
10,75	1
10,76	1
10,77	1
10,78	2
10,78	1
10,79	3
10,80	3
10,81	3
10,82	3
10,82	0
10,83	1
10,84	1
10,85	3
10,86	1
10,86	1
10,87	3
10,88	3
10,89	2
10,90	3
10,90	2
10,91	1
10,92	2
10,93	1
10,94	1
10,94	3
10,95	2
10,96	1
10,97	1
10,98	2
10,98	2
10,99	1
11,00	0
11,01	2
11,02	2
11,02	0
11,03	3
11,04	2
11,05	2
11,06	1
11,06	0
11,07	2
11,08	1
11,09	1
11,10	3
11,10	2
11,11	1
11,12	3
11,13	1
11,14	0
11,14	1
11,15	3
11,16	1
11,17	0
11,17	1
11,18	1
11,19	4
11,20	2
11,21	3
11,21	2
11,22	2
11,23	3
11,24	0
11,25	2
11,25	1
11,26	3
11,27	1
11,28	1
11,29	2
11,29	0
11,30	0
11,31	2
11,32	2
11,33	1
11,33	2
11,34	3
11,35	2
11,36	1
11,37	1
11,37	1
11,38	3
11,39	0
11,40	3
11,41	2
11,41	3
11,42	4
11,43	2
11,44	2
11,45	0
11,45	2
11,46	1
11,47	1
11,48	1
11,49	0
11,49	1
11,50	1
11,51	3
11,52	5
11,53	1
11,53	3
11,54	0
11,55	5
11,56	4
11,57	4
11,57	1
11,58	2
11,59	2
11,60	2
11,60	1
11,61	1
11,62	2
11,63	4
11,64	3
11,64	1
11,65	3
11,66	1
11,67	3
11,68	2
11,68	0
11,69	1
11,70	1
11,71	0
11,72	1
11,72	1
11,73	3
11,74	2
11,75	0
11,76	1
11,76	4
11,77	4
11,78	1
11,79	1
11,80	3
11,80	1
11,81	0
11,82	2
11,83	3
11,84	2
11,84	0
11,85	2
11,86	0
11,87	1
11,88	1
11,88	2
11,89	0
11,90	2
11,91	3
11,92	4
11,92	3
11,93	2
11,94	4
11,95	7
11,96	0
11,96	3
11,97	5
11,98	1
11,99	1
12,00	3
12,00	4
12,01	3
12,02	5
12,03	3
12,03	3
12,04	2
12,05	4
12,06	2
12,07	1
12,07	4
12,08	2
12,09	3
12,10	3
12,11	3
12,11	1
12,12	2
12,13	2
12,14	6
12,15	4
12,15	1
12,16	3
12,17	4
12,18	4
12,19	5
12,19	2
12,20	3
12,21	0
12,22	3
12,23	1
12,23	3
12,24	4
12,25	2
12,26	2
12,27	2
12,27	4
12,28	5
12,29	1
12,30	2
12,31	4
12,31	2
12,32	2
12,33	3
12,34	3
12,35	3
12,35	3
12,36	3
12,37	3
12,38	2
12,39	1
12,39	4
12,40	0
12,41	4
12,42	8
12,43	2
12,43	7
12,44	1
12,45	3
12,46	1
12,46	4
12,47	5
12,48	5
12,49	3
12,50	2
12,50	4
12,51	4
12,52	5
12,53	0
12,54	10
12,54	2
12,55	2
12,56	8
12,57	5
12,58	4
12,58	6
12,59	5
12,60	7
12,61	3
12,62	4
12,62	6
12,63	5
12,64	2
12,65	9
12,66	3
12,66	8
12,67	6
12,68	3
12,69	5
12,70	6
12,70	4
12,71	4
12,72	4
12,73	7
12,74	6
12,74	4
12,75	4
12,76	10
12,77	4
12,78	4
12,78	7
12,79	6
12,80	9
12,81	3
12,82	7
12,82	12
12,83	4
12,84	8
12,85	2
12,85	12
12,86	9
12,87	10
12,88	11
12,89	5
12,89	4
12,90	10
12,91	15
12,92	6
12,93	12
12,93	3
12,94	11
12,95	9
12,96	14
12,97	8
12,97	15
12,98	12
12,99	13
13,00	12
13,01	6
13,01	13
13,02	6
13,03	17
13,04	14
13,05	10
13,05	15
13,06	6
13,07	12
13,08	9
13,09	9
13,09	13
13,10	16
13,11	9
13,12	14
13,13	10
13,13	11
13,14	14
13,15	7
13,16	13
13,17	11
13,17	19
13,18	14
13,19	19
13,20	19
13,21	16
13,21	9
13,22	21
13,23	12
13,24	22
13,25	15
13,25	18
13,26	21
13,27	22
13,28	9
13,28	15
13,29	29
13,30	19
13,31	16
13,32	11
13,32	24
13,33	16
13,34	17
13,35	34
13,36	23
13,36	23
13,37	16
13,38	20
13,39	21
13,40	23
13,40	14
13,41	21
13,42	26
13,43	27
13,44	25
13,44	21
13,45	27
13,46	16
13,47	26
13,48	35
13,48	17
13,49	25
13,50	41
13,51	21
13,52	30
13,52	19
13,53	25
13,54	16
13,55	28
13,56	28
13,56	30
13,57	28
13,58	37
13,59	24
13,60	27
13,60	39
13,61	21
13,62	33
13,63	30
13,64	37
13,64	41
13,65	42
13,66	31
13,67	30
13,68	25
13,68	36
13,69	34
13,70	30
13,71	46
13,71	40
13,72	33
13,73	36
13,74	29
13,75	33
13,75	41
13,76	35
13,77	48
13,78	37
13,79	27
13,79	34
13,80	39
13,81	44
13,82	32
13,83	29
13,83	39
13,84	49
13,85	25
13,86	47
13,87	36
13,87	39
13,88	44
13,89	43
13,90	47
13,91	57
13,91	30
13,92	32
13,93	48
13,94	34
13,95	49
13,95	32
13,96	44
13,97	42
13,98	54
13,99	49
13,99	32
14,00	47
14,01	70
14,02	44
14,03	51
14,03	45
14,04	44
14,05	51
14,06	49
14,07	57
14,07	41
14,08	48
14,09	66
14,10	39
14,11	49
14,11	56
14,12	43
14,13	58
14,14	53
14,14	44
14,15	50
14,16	42
14,17	44
14,18	57
14,18	60
14,19	44
14,20	62
14,21	48
14,22	79
14,22	50
14,23	33
14,24	57
14,25	49
14,26	56
14,26	67
14,27	45
14,28	46
14,29	66
14,30	45
14,30	51
14,31	56
14,32	68
14,33	51
14,34	58
14,34	55
14,35	75
14,36	48
14,37	56
14,38	48
14,38	68
14,39	41
14,40	56
14,41	55
14,42	63
14,42	61
14,43	50
14,44	53
14,45	56
14,46	71
14,46	66
14,47	63
14,48	57
14,49	62
14,50	73
14,50	46
14,51	61
14,52	78
14,53	55
14,54	64
14,54	68
14,55	61
14,56	69
14,57	75
14,57	76
14,58	65
14,59	65
14,60	71
14,61	61
14,61	64
14,62	78
14,63	58
14,64	95
14,65	74
14,65	73
14,66	73
14,67	87
14,68	64
14,69	81
14,69	53
14,70	66
14,71	74
14,72	54
14,73	80
14,73	75
14,74	65
14,75	84
14,76	68
14,77	84
14,77	94
14,78	84
14,79	74
14,80	66
14,81	76
14,81	81
14,82	90
14,83	90
14,84	88
14,85	57
14,85	93
14,86	100
14,87	73
14,88	86
14,89	87
14,89	102
14,90	65
14,91	90
14,92	97
14,93	86
14,93	70
14,94	89
14,95	87
14,96	88
14,97	90
14,97	82
14,98	93
14,99	58
15,00	86
15,00	110
15,01	87
15,02	90
15,03	93
15,04	100
15,04	112
15,05	85
15,06	77
15,07	85
15,08	105
15,08	110
15,09	99
15,10	80
15,11	116
15,12	84
15,12	105
15,13	119
15,14	83
15,15	115
15,16	94
15,16	93
15,17	97
15,18	128
15,19	82
15,20	104
15,20	104
15,21	105
15,22	120
15,23	93
15,24	140
15,24	106
15,25	98
15,26	148
15,27	104
15,28	118
15,28	146
15,29	124
15,30	125
15,31	123
15,32	109
15,32	105
15,33	129
15,34	118
15,35	132
15,36	84
15,36	158
15,37	109
15,38	115
15,39	135
15,40	109
15,40	143
15,41	126
15,42	128
15,43	159
15,43	124
15,44	109
15,45	103
15,46	168
15,47	135
15,47	165
15,48	132
15,49	179
15,50	123
15,51	128
15,51	177
15,52	122
15,53	142
15,54	157
15,55	152
15,55	137
15,56	143
15,57	116
15,58	140
15,59	140
15,59	177
15,60	135
15,61	123
15,62	160
15,63	114
15,63	159
15,64	180
15,65	128
15,66	187
15,67	170
15,67	156
15,68	167
15,69	185
15,70	127
15,71	170
15,71	160
15,72	170
15,73	179
15,74	143
15,75	202
15,75	154
15,76	136
15,77	194
15,78	122
15,79	173
15,79	193
15,80	138
15,81	167
15,82	138
15,83	123
15,83	152
15,84	186
15,85	171
15,86	167
15,86	135
15,87	183
15,88	165
15,89	134
15,90	203
15,90	161
15,91	195
15,92	140
15,93	176
15,94	157
15,94	160
15,95	131
15,96	164
15,97	152
15,98	131
15,98	182
15,99	136
16,00	170
16,01	154
16,02	167
16,02	177
16,03	136
16,04	137
16,05	167
16,06	164
16,06	160
16,07	150
16,08	130
16,09	145
16,10	158
16,10	170
16,11	167
16,12	149
16,13	186
16,14	112
16,14	163
16,15	176
16,16	146
16,17	185
16,18	148
16,18	167
16,19	155
16,20	128
16,21	166
16,22	156
16,22	132
16,23	130
16,24	176
16,25	108
16,25	189
16,26	144
16,27	129
16,28	163
16,29	114
16,29	140
16,30	175
16,31	143
16,32	163
16,33	152
16,33	126
16,34	147
16,35	115
16,36	137
16,37	156
16,37	97
16,38	145
16,39	119
16,40	109
16,41	163
16,41	114
16,42	148
16,43	122
16,44	121
16,45	102
16,45	161
16,46	94
16,47	118
16,48	129
16,49	109
16,49	158
16,50	116
16,51	165
16,52	95
16,53	119
16,53	150
16,54	102
16,55	109
16,56	136
16,57	101
16,57	131
16,58	85
16,59	122
16,60	100
16,61	132
16,61	125
16,62	120
16,63	90
16,64	135
16,65	87
16,65	84
16,66	153
16,67	103
16,68	116
16,68	110
16,69	114
16,70	94
16,71	122
16,72	64
16,72	107
16,73	106
16,74	115
16,75	115
16,76	76
16,76	118
16,77	89
16,78	86
16,79	103
16,80	77
16,80	69
16,81	108
16,82	82
16,83	88
16,84	69
16,84	72
16,85	75
16,86	89
16,87	84
16,88	77
16,88	82
16,89	98
16,90	76
16,91	69
16,92	90
16,92	58
16,93	99
16,94	59
16,95	59
16,96	76
16,96	70
16,97	79
16,98	78
16,99	83
17,00	62
17,00	79
17,01	65
17,02	80
17,03	55
17,04	67
17,04	77
17,05	55
17,06	69
17,07	85
17,08	53
17,08	69
17,09	72
17,10	60
17,11	61
17,11	70
17,12	52
17,13	63
17,14	44
17,15	72
17,15	46
17,16	63
17,17	58
17,18	53
17,19	60
17,19	57
17,20	59
17,21	46
17,22	65
17,23	48
17,23	50
17,24	54
17,25	51
17,26	51
17,27	36
17,27	48
17,28	46
17,29	40
17,30	47
17,31	47
17,31	39
17,32	56
17,33	52
17,34	35
17,35	43
17,35	36
17,36	48
17,37	35
17,38	49
17,39	47
17,39	38
17,40	59
17,41	40
17,42	24
17,43	42
17,43	35
17,44	46
17,45	46
17,46	34
17,47	39
17,47	49
17,48	26
17,49	34
17,50	37
17,51	39
17,51	37
17,52	32
17,53	38
17,54	27
17,54	30
17,55	33
17,56	24
17,57	33
17,58	41
17,58	44
17,59	29
17,60	27
17,61	42
17,62	29
17,62	29
17,63	36
17,64	24
17,65	19
17,66	37
17,66	26
17,67	33
17,68	34
17,69	23
17,70	27
17,70	29
17,71	26
17,72	33
17,73	20
17,74	23
17,74	24
17,75	24
17,76	15
17,77	22
17,78	25
17,78	30
17,79	24
17,80	21
17,81	27
17,82	28
17,82	21
17,83	30
17,84	31
17,85	16
17,86	19
17,86	15
17,87	23
17,88	28
17,89	23
17,90	27
17,90	18
17,91	34
17,92	33
17,93	26
17,94	22
17,94	25
17,95	28
17,96	23
17,97	20
17,97	26
17,98	20
17,99	16
18,00	21
18,01	25
18,01	25
18,02	32
18,03	13
18,04	21
18,05	14
18,05	15
18,06	20
18,07	16
18,08	25
18,09	35
18,09	20
18,10	18
18,11	20
18,12	10
18,13	16
18,13	22
18,14	22
18,15	21
18,16	12
18,17	22
18,17	24
18,18	24
18,19	16
18,20	16
18,21	22
18,21	12
18,22	23
18,23	19
18,24	23
18,25	21
18,25	18
18,26	20
18,27	14
18,28	24
18,29	12
18,29	25
18,30	14
18,31	14
18,32	17
18,33	14
18,33	18
18,34	11
18,35	15
18,36	15
18,37	12
18,37	18
18,38	18
18,39	13
18,40	6
18,40	5
18,41	11
18,42	17
18,43	13
18,44	8
18,44	18
18,45	12
18,46	14
18,47	11
18,48	14
18,48	13
18,49	14
18,50	13
18,51	10
18,52	16
18,52	11
18,53	19
18,54	6
18,55	12
18,56	4
18,56	9
18,57	17
18,58	7
18,59	9
18,60	15
18,60	8
18,61	10
18,62	8
18,63	17
18,64	8
18,64	10
18,65	8
18,66	2
18,67	10
18,68	8
18,68	7
18,69	6
18,70	5
18,71	6
18,72	10
18,72	7
18,73	10
18,74	5
18,75	5
18,76	5
18,76	6
18,77	6
18,78	2
18,79	11
18,80	3
18,80	9
18,81	6
18,82	3
18,83	5
18,83	2
18,84	4
18,85	7
18,86	8
18,87	7
18,87	4
18,88	8
18,89	6
18,90	5
18,91	4
18,91	7
18,92	4
18,93	7
18,94	3
18,95	1
18,95	9
18,96	4
18,97	9
18,98	4
18,99	4
18,99	5
19,00	3
19,01	2
19,02	2
19,03	7
19,03	5
19,04	5
19,05	4
19,06	5
19,07	2
19,07	4
19,08	6
19,09	4
19,10	4
19,11	2
19,11	6
19,12	6
19,13	4
19,14	2
19,15	1
19,15	5
19,16	2
19,17	2
19,18	4
19,19	4
19,19	1
19,20	3
19,21	0
19,22	6
19,23	5
19,23	2
19,24	4
19,25	2
19,26	2
19,26	3
19,27	0
19,28	0
19,29	1
19,30	2
19,30	2
19,31	2
19,32	2
19,33	0
19,34	5
19,34	3
19,35	0
19,36	1
19,37	1
19,38	1
19,38	3
19,39	2
19,40	1
19,41	2
19,42	1
19,42	1
19,43	1
19,44	2
19,45	0
19,46	0
19,46	2
19,47	0
19,48	1
19,49	3
19,50	1
19,50	0
19,51	0
19,52	1
19,53	1
19,54	0
19,54	4
19,55	3
19,56	0
19,57	2
19,58	1
19,58	2
19,59	2
19,60	1
19,61	1
19,62	0
19,62	0
19,63	0
19,64	1
19,65	0
19,65	0
19,66	0
19,67	0
19,68	0
19,69	1
19,69	6
19,70	2
19,71	0
19,72	1
19,73	0
19,73	0
19,74	0
19,75	1
19,76	1
19,77	1
19,77	0
19,78	0
19,79	1
19,80	0
19,81	1
19,81	0
19,82	1
19,83	0
19,84	0
19,85	0
19,85	1
19,86	0
19,87	1
19,88	0
19,89	0
19,89	0
19,90	0
19,91	1
19,92	0
19,93	1
19,93	0
19,94	0
19,95	0
19,96	0
19,97	1
19,97	0
19,98	0
19,99	0
20,00	0
20,01	1
20,01	0
20,02	0
20,03	2
20,04	0
20,05	1
20,05	0
20,06	0
20,07	0
20,08	0
20,08	0
20,09	0
20,10	0
20,11	0
20,12	1
20,12	0
20,13	2
20,14	0
20,15	0
20,16	0
20,16	0
20,17	0
20,18	0
20,19	0
20,20	1
20,20	0
20,21	0
20,22	0
20,23	0
20,24	0
20,24	0
20,25	0
20,26	0
20,27	1
20,28	1
20,28	0
20,29	0
20,30	0
20,31	0
20,32	1
20,32	0
20,33	0
20,34	0
20,35	1
20,36	0
20,36	0
20,37	0
20,38	1
20,39	0
20,40	0
20,40	0
20,41	0
20,42	0
20,43	0
20,44	1
20,44	0
20,45	0
20,46	0
20,47	2
20,48	0
20,48	0
20,49	0
20,50	0
20,51	1
20,51	0
20,52	0
20,53	0
20,54	0
20,55	0
20,55	1
20,56	1
20,57	0
20,58	1
20,59	0
20,59	0
20,60	1
20,61	1
20,62	0
20,63	0
20,63	0
20,64	2
20,65	1
20,66	0
20,67	1
20,67	0
20,68	0
20,69	1
20,70	2
20,71	1
20,71	1
20,72	0
20,73	1
20,74	0
20,75	1
20,75	0
20,76	1
20,77	0
20,78	0
20,79	1
20,79	0
20,80	0
20,81	0
20,82	0
20,83	0
20,83	1
20,84	0
20,85	0
20,86	2
20,87	1
20,87	0
20,88	0
20,89	1
20,90	0
20,91	1
20,91	1
20,92	1
20,93	0
20,94	1
20,94	0
20,95	0
20,96	0
20,97	0
20,98	0
20,98	2
20,99	0
21,00	0
21,01	1
21,02	1
21,02	0
21,03	0
21,04	0
21,05	0
21,06	0
21,06	0
21,07	0
21,08	0
21,09	0
21,10	1
21,10	0
21,11	0
21,12	0
21,13	0
21,14	0
21,14	0
21,15	0
21,16	0
21,17	2
21,18	0
21,18	0
21,19	0
21,20	0
21,21	0
21,22	0
21,22	1
21,23	1
21,24	0
21,25	1
21,26	0
21,26	0
21,27	0
21,28	1
21,29	1
21,30	0
21,30	0
21,31	1
21,32	0
21,33	0
21,34	1
21,34	0
21,35	0
21,36	0
21,37	0
21,37	1
21,38	0
21,39	0
21,40	0
21,41	0
21,41	0
21,42	0
21,43	1
21,44	0
21,45	0
21,45	0
21,46	0
21,47	0
21,48	0
21,49	0
21,49	0
21,50	1
21,51	0
21,52	0
21,53	1
21,53	0
21,54	0
21,55	0
21,56	0
21,57	1
21,57	0
21,58	0
21,59	0
21,60	1
21,61	0
21,61	0
21,62	1
21,63	0
21,64	0
21,65	1
21,65	1
21,66	0
21,67	0
21,68	0
21,69	0
21,69	0
21,70	1
21,71	1
21,72	0
21,73	0
21,73	1
21,74	0
21,75	0
21,76	0
21,77	0
21,77	1
21,78	1
21,79	0
21,80	0
21,80	0
21,81	2
21,82	0
21,83	1
21,84	0
21,84	0
21,85	0
21,86	0
21,87	0
21,88	1
21,88	0
21,89	0
21,90	1
21,91	0
21,92	0
21,92	0
21,93	0
21,94	0
21,95	0
21,96	0
21,96	0
21,97	0
21,98	1
21,99	0
22,00	0
22,00	0
22,01	0
22,02	0
22,03	0
22,04	0
22,04	1
22,05	0
22,06	0
22,07	0
22,08	0
22,08	0
22,09	0
22,10	1
22,11	0
22,12	0
22,12	0
22,13	0
22,14	0
22,15	0
22,16	0
22,16	0
22,17	0
22,18	0
22,19	0
22,20	0
22,20	1
22,21	1
22,22	0
22,23	0
22,23	0
22,24	0
22,25	0
22,26	1
22,27	0
22,27	0
22,28	0
22,29	0
22,30	1
22,31	0
22,31	1
22,32	0
22,33	0
22,34	1
22,35	1
22,35	1
22,36	0
22,37	0
22,38	0
22,39	0
22,39	0
22,40	0
22,41	0
22,42	0
22,43	1
22,43	0
22,44	0
22,45	0
22,46	0
22,47	0
22,47	0
22,48	0
22,49	0
22,50	2
22,51	0
22,51	1
22,52	0
22,53	0
22,54	2
22,55	0
22,55	0
22,56	0
22,57	0
22,58	0
22,59	0
22,59	0
22,60	0
22,61	0
22,62	1
22,62	0
22,63	0
22,64	0
22,65	0
22,66	0
22,66	1
22,67	2
22,68	0
22,69	0
22,70	1
22,70	0
22,71	0
22,72	0
22,73	0
22,74	0
22,74	0
22,75	0
22,76	0
22,77	0
22,78	0
22,78	0
22,79	0
22,80	2
22,81	0
22,82	0
22,82	1
22,83	0
22,84	0
22,85	0
22,86	0
22,86	0
22,87	0
22,88	1
22,89	0
22,90	0
22,90	0
22,91	0
22,92	0
22,93	2
22,94	1
22,94	0
22,95	0
22,96	0
22,97	0
22,98	0
22,98	0
22,99	0
23,00	0
23,01	1
23,02	0
23,02	0
23,03	0
23,04	0
23,05	0
23,05	0
23,06	0
23,07	0
23,08	1
23,09	0
23,09	0
23,10	0
23,11	0
23,12	1
23,13	0
23,13	0
23,14	0
23,15	0
23,16	0
23,17	1
23,17	1
23,18	0
23,19	0
23,20	0
23,21	1
23,21	0
23,22	0
23,23	0
23,24	0
23,25	0
23,25	0
23,26	0
23,27	0
23,28	0
23,29	1
23,29	0
23,30	0
23,31	1
23,32	1
23,33	0
23,33	1
23,34	1
23,35	0
23,36	0
23,37	0
23,37	0
23,38	0
23,39	0
23,40	0
23,41	0
23,41	0
23,42	0
23,43	0
23,44	0
23,45	0
23,45	0
23,46	0
23,47	0
23,48	0
23,48	0
23,49	2
23,50	0
23,51	0
23,52	0
23,52	0
23,53	0
23,54	0
23,55	0
23,56	0
23,56	0
23,57	0
23,58	1
23,59	0
23,60	0
23,60	1
23,61	0
23,62	0
23,63	0
23,64	0
23,64	0
23,65	0
23,66	0
23,67	0
23,68	0
23,68	0
23,69	0
23,70	0
23,71	0
23,72	0
23,72	0
23,73	0
23,74	0
23,75	0
23,76	0
23,76	0
23,77	1
23,78	0
23,79	0
23,80	1
23,80	0
23,81	0
23,82	0
23,83	0
23,84	0
23,84	1
23,85	0
23,86	0
23,87	0
23,88	0
23,88	0
23,89	0
23,90	0
23,91	0
23,91	0
23,92	0
23,93	0
23,94	0
23,95	0
23,95	0
23,96	1
23,97	0
23,98	0
23,99	0
23,99	0
24,00	0
24,01	0
24,02	0
24,03	0
24,03	0
24,04	0
24,05	0
24,06	1
24,07	0
24,07	0
24,08	0
24,09	0
24,10	0
24,11	0
24,11	0
24,12	0
24,13	0
24,14	0
24,15	0
24,15	1
24,16	0
24,17	0
24,18	0
24,19	0
24,19	0
24,20	1
24,21	0
24,22	0
24,23	0
24,23	0
24,24	1
24,25	2
24,26	0
24,27	0
24,27	0
24,28	0
24,29	0
24,30	0
24,31	0
24,31	0
24,32	0
24,33	1
24,34	0
24,34	0
24,35	0
24,36	0
24,37	0
24,38	0
24,38	0
24,39	0
24,40	0
24,41	0
24,42	0
24,42	0
24,43	0
24,44	0
24,45	0
24,46	0
24,46	0
24,47	0
24,48	1
24,49	0
24,50	0
24,50	0
24,51	0
24,52	0
24,53	0
24,54	1
24,54	0
24,55	0
24,56	0
24,57	0
24,58	0
24,58	1
24,59	0
24,60	0
24,61	1
24,62	0
24,62	0
24,63	0
24,64	0
24,65	0
24,66	0
24,66	0
24,67	0
24,68	0
24,69	0
24,70	0
24,70	0
24,71	0
24,72	0
24,73	0
24,74	0
24,74	0
24,75	0
24,76	0
24,77	0
24,77	0
24,78	0
24,79	0
24,80	0
24,81	0
24,81	0
24,82	1
24,83	0
24,84	0
24,85	0
24,85	0
24,86	0
24,87	0
24,88	0
24,89	0
24,89	0
24,90	0
24,91	0
24,92	1
24,93	1
24,93	0
24,94	0
24,95	0
24,96	0
24,97	0
24,97	0
24,98	0
24,99	0
25,00	0
25,01	0
25,01	1
25,02	0
25,03	0
25,04	0
25,05	0
25,05	0
25,06	0
25,07	0
25,08	0
25,09	0
25,09	0
25,10	0
25,11	0
25,12	0
25,13	0
25,13	0
25,14	0
25,15	0
25,16	1
25,17	0
25,17	2
25,18	0
25,19	1
25,20	1
25,20	0
25,21	0
25,22	0
25,23	0
25,24	0
25,24	1
25,25	0
25,26	0
25,27	0
25,28	0
25,28	0
25,29	0
25,30	1
25,31	0
25,32	0
25,32	0
25,33	0
25,34	0
25,35	0
25,36	0
25,36	0
25,37	0
25,38	0
25,39	0
25,40	0
25,40	0
25,41	0
25,42	0
25,43	0
25,44	0
25,44	1
25,45	1
25,46	0
25,47	0
25,48	0
25,48	1
25,49	0
25,50	0
25,51	0
25,52	0
25,52	0
25,53	0
25,54	0
25,55	0
25,56	0
25,56	0
25,57	0
25,58	0
25,59	0
25,59	0
25,60	0
25,61	0
25,62	0
25,63	0
25,63	1
25,64	0
25,65	1
25,66	0
25,67	0
25,67	0
25,68	0
25,69	0
25,70	1
25,71	0
25,71	0
25,72	0
25,73	0
25,74	0
25,75	0
25,75	0
25,76	1
25,77	0
25,78	0
25,79	0
25,79	0
25,80	0
25,81	1
25,82	0
25,83	0
25,83	0
25,84	1
25,85	0
25,86	0
25,87	0
25,87	1
25,88	1
25,89	0
25,90	0
25,91	0
25,91	0
25,92	0
25,93	0
25,94	0
25,95	0
25,95	0
25,96	0
25,97	0
25,98	0
25,99	0
25,99	0
26,00	1
26,01	0
26,02	0
26,02	0
26,03	0
26,04	1
26,05	1
26,06	0
26,06	0
26,07	0
26,08	0
26,09	0
26,10	0
26,10	0
26,11	1
26,12	0
26,13	0
26,14	0
26,14	0
26,15	0
26,16	0
26,17	0
26,18	1
26,18	0
26,19	0
26,20	0
26,21	0
26,22	0
26,22	0
26,23	0
26,24	0
26,25	1
26,26	0
26,26	0
26,27	0
26,28	0
26,29	0
26,30	0
26,30	0
26,31	0
26,32	0
26,33	0
26,34	0
26,34	0
26,35	0
26,36	0
26,37	0
26,38	0
26,38	0
26,39	0
26,40	2
26,41	0
26,42	0
26,42	0
26,43	0
26,44	0
26,45	0
26,45	0
26,46	0
26,47	1
26,48	0
26,49	0
26,49	0
26,50	0
26,51	0
26,52	0
26,53	0
26,53	0
26,54	0
26,55	0
26,56	0
26,57	0
26,57	0
26,58	0
26,59	0
26,60	0
26,61	0
26,61	0
26,62	0
26,63	0
26,64	0
26,65	0
26,65	1
26,66	1
26,67	0
26,68	0
26,69	0
26,69	0
26,70	0
26,71	0
26,72	0
26,73	1
26,73	0
26,74	0
26,75	1
26,76	0
26,77	0
26,77	0
26,78	0
26,79	0
26,80	1
26,81	0
26,81	0
26,82	0
26,83	0
26,84	0
26,85	0
26,85	1
26,86	0
26,87	0
26,88	0
26,88	1
26,89	0
26,90	0
26,91	0
26,92	0
26,92	0
26,93	0
26,94	0
26,95	0
26,96	0
26,96	0
26,97	0
26,98	0
26,99	0
27,00	0
27,00	0
27,01	0
27,02	0
27,03	0
27,04	0
27,04	0
27,05	1
27,06	0
27,07	0
27,08	0
27,08	0
27,09	0
27,10	0
27,11	0
27,12	0
27,12	0
27,13	0
27,14	0
27,15	1
27,16	0
27,16	1
27,17	0
27,18	0
27,19	0
27,20	0
27,20	2
27,21	0
27,22	0
27,23	0
27,24	1
27,24	0
27,25	0
27,26	1
27,27	0
27,28	0
27,28	1
27,29	0
27,30	0
27,31	0
27,31	0
27,32	0
27,33	0
27,34	0
27,35	0
27,35	1
27,36	0
27,37	0
27,38	0
27,39	0
27,39	0
27,40	0
27,41	1
27,42	0
27,43	0
27,43	0
27,44	0
27,45	1
27,46	0
27,47	0
27,47	0
27,48	0
27,49	0
27,50	0
27,51	0
27,51	2
27,52	0
27,53	0
27,54	1
27,55	0
27,55	1
27,56	1
27,57	0
27,58	1
27,59	0
27,59	0
27,60	0
27,61	0
27,62	0
27,63	0
27,63	1
27,64	0
27,65	0
27,66	0
27,67	0
27,67	0
27,68	0
27,69	0
27,70	0
27,71	1
27,71	0
27,72	0
27,73	0
27,74	0
27,74	1
27,75	0
27,76	0
27,77	1
27,78	0
27,78	0
27,79	0
27,80	0
27,81	1
27,82	0
27,82	0
27,83	0
27,84	1
27,85	0
27,86	0
27,86	0
27,87	0
27,88	0
27,89	0
27,90	0
27,90	0
27,91	0
27,92	0
27,93	0
27,94	0
27,94	0
27,95	0
27,96	1
27,97	1
27,98	1
27,98	0
27,99	0
28,00	0
28,01	0
28,02	0
28,02	0
28,03	0
28,04	0
28,05	0
28,06	0
28,06	0
28,07	0
28,08	0
28,09	0
28,10	0
28,10	0
28,11	0
28,12	0
28,13	0
28,14	0
28,14	2
28,15	1
28,16	0
28,17	0
28,17	0
28,18	0
28,19	1
28,20	1
28,21	0
28,21	1
28,22	0
28,23	0
28,24	0
28,25	0
28,25	0
28,26	0
28,27	1
28,28	0
28,29	0
28,29	0
28,30	0
28,31	0
28,32	0
28,33	0
28,33	1
28,34	1
28,35	0
28,36	0
28,37	0
28,37	0
28,38	0
28,39	1
28,40	0
28,41	0
28,41	0
28,42	0
28,43	0
28,44	0
28,45	0
28,45	1
28,46	0
28,47	0
28,48	0
28,49	1
28,49	0
28,50	0
28,51	0
28,52	0
28,53	0
28,53	1
28,54	0
28,55	0
28,56	0
28,57	0
28,57	0
28,58	0
28,59	0
28,60	0
28,60	0
28,61	1
28,62	0
28,63	0
28,64	1
28,64	0
28,65	0
28,66	1
28,67	0
28,68	0
28,68	0
28,69	0
28,70	0
28,71	1
28,72	0
28,72	1
28,73	0
28,74	0
28,75	0
28,76	0
28,76	0
28,77	0
28,78	0
28,79	0
28,80	1
28,80	0
28,81	0
28,82	1
28,83	0
28,84	0
28,84	0
28,85	0
28,86	0
28,87	0
28,88	0
28,88	0
28,89	0
28,90	0
28,91	0
28,92	0
28,92	0
28,93	0
28,94	0
28,95	0
28,96	0
28,96	1
28,97	0
28,98	0
28,99	0
28,99	0
29,00	1
29,01	0
29,02	0
29,03	0
29,03	0
29,04	0
29,05	1
29,06	0
29,07	0
29,07	0
29,08	1
29,09	0
29,10	0
29,11	0
29,11	1
29,12	0
29,13	0
29,14	0
29,15	0
29,15	0
29,16	0
29,17	0
29,18	1
29,19	1
29,19	0
29,20	0
29,21	0
29,22	0
29,23	1
29,23	0
29,24	0
29,25	1
29,26	0
29,27	0
29,27	0
29,28	0
29,29	0
29,30	0
29,31	0
29,31	0
29,32	0
29,33	0
29,34	0
29,35	0
29,35	1
29,36	0
29,37	1
29,38	0
29,39	0
29,39	0
29,40	0
29,41	0
29,42	0
29,42	0
29,43	0
29,44	0
29,45	0
29,46	0
29,46	1
29,47	1
29,48	0
29,49	0
29,50	0
29,50	1
29,51	0
29,52	0
29,53	0
29,54	0
29,54	1
29,55	1
29,56	0
29,57	0
29,58	0
29,58	0
29,59	0
29,60	1
29,61	0
29,62	0
29,62	0
29,63	0
29,64	0
29,65	0
29,66	0
29,66	0
29,67	2
29,68	0
29,69	0
29,70	0
29,70	0
29,71	0
29,72	0
29,73	0
29,74	0
29,74	0
29,75	0
29,76	0
29,77	0
29,78	0
29,78	0
29,79	0
29,80	1
29,81	1
29,82	0
29,82	0
29,83	0
29,84	0
29,85	0
29,85	0
29,86	0
29,87	0
29,88	0
29,89	2
29,89	0
29,90	0
29,91	1
29,92	0
29,93	0
29,93	0
29,94	0
29,95	0
29,96	0
29,97	0
29,97	0
29,98	0
29,99	0
30,00	0
30,01	0
30,01	2
30,02	0
30,03	0
30,04	0
30,05	0
30,05	0
30,06	0
30,07	0
30,08	0
30,09	0
30,09	0
30,10	0
30,11	0
30,12	2
30,13	0
30,13	0
30,14	1
30,15	0
30,16	0
30,17	0
30,17	0
30,18	0
30,19	0
30,20	0
30,21	0
30,21	0
30,22	0
30,23	0
30,24	0
30,25	1
30,25	1
30,26	0
30,27	0
30,28	0
30,28	0
30,29	0
30,30	0
30,31	2
30,32	0
30,32	0
30,33	0
30,34	0
30,35	0
30,36	0
30,36	0
30,37	0
30,38	0
30,39	0
30,40	1
30,40	0
30,41	0
30,42	0
30,43	0
30,44	0
30,44	0
30,45	0
30,46	1
30,47	0
30,48	0
30,48	0
30,49	0
30,50	1
30,51	0
30,52	0
30,52	0
30,53	0
30,54	0
30,55	0
30,56	0
30,56	0
30,57	1
30,58	0
30,59	0
30,60	0
30,60	0
30,61	0
30,62	0
30,63	0
30,64	0
30,64	0
30,65	0
30,66	0
30,67	0
30,68	0
30,68	0
30,69	0
30,70	0
30,71	0
30,71	0
30,72	0
30,73	0
30,74	1
30,75	0
30,75	1
30,76	0
30,77	0
30,78	0
30,79	0
30,79	0
30,80	0
30,81	0
30,82	0
30,83	0
30,83	0
30,84	0
30,85	1
30,86	0
30,87	0
30,87	0
30,88	0
30,89	0
30,90	0
30,91	1
30,91	0
30,92	0
30,93	0
30,94	0
30,95	0
30,95	0
30,96	2
30,97	1
30,98	0
30,99	0
30,99	1
31,00	0
31,01	0
31,02	0
31,03	0
31,03	0
31,04	0
31,05	0
31,06	0
31,07	0
31,07	0
31,08	1
31,09	0
31,10	0
31,11	0
31,11	0
31,12	1
31,13	0
31,14	0
31,14	1
31,15	1
31,16	1
31,17	0
31,18	0
31,18	0
31,19	0
31,20	0
31,21	0
31,22	1
31,22	1
31,23	0
31,24	0
31,25	0
31,26	1
31,26	0
31,27	1
31,28	0
31,29	0
31,30	0
31,30	0
31,31	0
31,32	0
31,33	2
31,34	1
31,34	0
31,35	0
31,36	0
31,37	0
31,38	0
31,38	0
31,39	0
31,40	0
31,41	0
31,42	0
31,42	0
31,43	0
31,44	0
31,45	0
31,46	0
31,46	0
31,47	0
31,48	0
31,49	0
31,50	0
31,50	0
31,51	0
31,52	0
31,53	0
31,54	1
31,54	0
31,55	0
31,56	0
31,57	0
31,57	1
31,58	0
31,59	0
31,60	0
31,61	1
31,61	0
31,62	0
31,63	0
31,64	0
31,65	1
31,65	1
31,66	0
31,67	0
31,68	0
31,69	1
31,69	1
31,70	0
31,71	0
31,72	0
31,73	0
31,73	0
31,74	0
31,75	0
31,76	0
31,77	0
31,77	0
31,78	0
31,79	0
31,80	0
31,81	0
31,81	0
31,82	0
31,83	0
31,84	1
31,85	0
31,85	0
31,86	0
31,87	0
31,88	0
31,89	0
31,89	0
31,90	0
31,91	1
31,92	0
31,93	0
31,93	0
31,94	0
31,95	0
31,96	0
31,97	0
31,97	0
31,98	0
31,99	0
32,00	0
32,00	0
32,01	0
32,02	0
32,03	0
32,04	1
32,04	0
32,05	0
32,06	0
32,07	0
32,08	1
32,08	0
32,09	1
32,10	0
32,11	0
32,12	0
32,12	2
32,13	1
32,14	0
32,15	0
32,16	0
32,16	0
32,17	0
32,18	0
32,19	1
32,20	0
32,20	0
32,21	0
32,22	0
32,23	0
32,24	0
32,24	0
32,25	1
32,26	0
32,27	0
32,28	2
32,28	0
32,29	1
32,30	0
32,31	1
32,32	0
32,32	0
32,33	0
32,34	0
32,35	0
32,36	1
32,36	0
32,37	0
32,38	0
32,39	0
32,39	1
32,40	0
32,41	1
32,42	0
32,43	0
32,43	0
32,44	0
32,45	0
32,46	1
32,47	0
32,47	0
32,48	0
32,49	0
32,50	0
32,51	0
32,51	0
32,52	0
32,53	0
32,54	0
32,55	0
32,55	0
32,56	1
32,57	0
32,58	0
32,59	0
32,59	0
32,60	0
32,61	0
32,62	0
32,63	0
32,63	0
32,64	0
32,65	0
32,66	0
32,67	0
32,67	0
32,68	0
32,69	0
32,70	0
32,71	0
32,71	0
32,72	1
32,73	0
32,74	2
32,75	0
32,75	0
32,76	0
32,77	0
32,78	1
32,79	1
32,79	1
32,80	0
32,81	0
32,82	1
32,82	0
32,83	0
32,84	0
32,85	0
32,86	0
32,86	0
32,87	0
32,88	0
32,89	0
32,90	0
32,90	0
32,91	1
32,92	0
32,93	1
32,94	0
32,94	0
32,95	0
32,96	0
32,97	0
32,98	1
32,98	0
32,99	0
33,00	0
33,01	0
33,02	0
33,02	0
33,03	0
33,04	0
33,05	0
33,06	0
33,06	0
33,07	0
33,08	0
33,09	0
33,10	0
33,10	1
33,11	0
33,12	0
33,13	0
33,14	0
33,14	0
33,15	0
33,16	0
33,17	0
33,18	0
33,18	0
33,19	0
33,20	0
33,21	0
33,22	0
33,22	0
33,23	0
33,24	0
33,25	1
33,25	0
33,26	0
33,27	0
33,28	0
33,29	1
33,29	0
33,30	0
33,31	0
33,32	0
33,33	0
33,33	2
33,34	0
33,35	0
33,36	1
33,37	1
33,37	0
33,38	0
33,39	0
33,40	0
33,41	0
33,41	0
33,42	0
33,43	0
33,44	1
33,45	0
33,45	0
33,46	0
33,47	0
33,48	0
33,49	0
33,49	0
33,50	0
33,51	0
33,52	0
33,53	1
33,53	0
33,54	0
33,55	0
33,56	0
33,57	0
33,57	0
33,58	0
33,59	0
33,60	0
33,61	0
33,61	0
33,62	0
33,63	0
33,64	0
33,65	1
33,65	1
33,66	0
33,67	1
33,68	0
33,68	0
33,69	0
33,70	0
33,71	0
33,72	0
33,72	0
33,73	0
33,74	0
33,75	0
33,76	0
33,76	0
33,77	0
33,78	0
33,79	0
33,80	0
33,80	0
33,81	0
33,82	0
33,83	0
33,84	0
33,84	0
33,85	0
33,86	0
33,87	0
33,88	0
33,88	0
33,89	0
33,90	0
33,91	0
33,92	0
33,92	0
33,93	0
33,94	0
33,95	0
33,96	0
33,96	0
33,97	0
33,98	0
33,99	2
34,00	0
34,00	0
34,01	0
34,02	0
34,03	0
34,04	0
34,04	0
34,05	1
34,06	1
34,07	0
34,08	0
34,08	0
34,09	0
34,10	1
34,11	0
34,11	0
34,12	0
34,13	0
34,14	0
34,15	1
34,15	1
34,16	0
34,17	0
34,18	1
34,19	0
34,19	0
34,20	0
34,21	0
34,22	0
34,23	0
34,23	0
34,24	0
34,25	0
34,26	0
34,27	0
34,27	0
34,28	0
34,29	0
34,30	0
34,31	0
34,31	0
34,32	0
34,33	0
34,34	0
34,35	0
34,35	0
34,36	0
34,37	0
34,38	0
34,39	0
34,39	0
34,40	0
34,41	0
34,42	0
34,43	0
34,43	0
34,44	0
34,45	1
34,46	0
34,47	0
34,47	0
34,48	0
34,49	0
34,50	1
34,51	0
34,51	0
34,52	0
34,53	0
34,54	0
34,54	0
34,55	0
34,56	0
34,57	0
34,58	0
34,58	0
34,59	1
34,60	1
34,61	0
34,62	0
34,62	0
34,63	0
34,64	0
34,65	0
34,66	0
34,66	1
34,67	0
34,68	1
34,69	0
34,70	0
34,70	0
34,71	0
34,72	1
34,73	0
34,74	0
34,74	0
34,75	0
34,76	0
34,77	0
34,78	0
34,78	0
34,79	0
34,80	0
34,81	1
34,82	1
34,82	0
34,83	0
34,84	0
34,85	0
34,86	0
34,86	0
34,87	0
34,88	0
34,89	0
34,90	0
34,90	0
34,91	0
34,92	0
34,93	0
34,94	0
34,94	0
34,95	0
34,96	0
34,97	0
34,97	1
34,98	0
34,99	0
35,00	0
35,01	0
35,01	0
35,02	0
35,03	1
35,04	0
35,05	0
35,05	0
35,06	0
