Energie	Impulse
E/keV	Impulse/#

3,21	0
3,22	0
3,23	0
3,24	0
3,24	0
3,25	0
3,26	0
3,27	0
3,28	0
3,28	0
3,29	0
3,30	0
3,31	0
3,32	0
3,32	0
3,33	0
3,34	0
3,35	0
3,36	0
3,36	0
3,37	0
3,38	0
3,39	0
3,40	0
3,40	0
3,41	0
3,42	0
3,43	0
3,44	0
3,44	0
3,45	0
3,46	0
3,47	0
3,48	0
3,48	0
3,49	0
3,50	0
3,51	0
3,51	0
3,52	0
3,53	0
3,54	0
3,55	0
3,55	0
3,56	0
3,57	0
3,58	0
3,59	0
3,59	0
3,60	0
3,61	0
3,62	0
3,63	0
3,63	0
3,64	0
3,65	0
3,66	0
3,67	0
3,67	0
3,68	0
3,69	0
3,70	0
3,71	0
3,71	0
3,72	0
3,73	0
3,74	0
3,75	0
3,75	0
3,76	0
3,77	1
3,78	0
3,79	0
3,79	0
3,80	0
3,81	0
3,82	0
3,83	1
3,83	2
3,84	2
3,85	3
3,86	1
3,87	0
3,87	2
3,88	0
3,89	0
3,90	1
3,91	0
3,91	1
3,92	1
3,93	3
3,94	0
3,94	0
3,95	0
3,96	1
3,97	4
3,98	1
3,98	0
3,99	1
4,00	1
4,01	1
4,02	0
4,02	2
4,03	2
4,04	0
4,05	2
4,06	1
4,06	1
4,07	1
4,08	0
4,09	0
4,10	3
4,10	2
4,11	0
4,12	1
4,13	0
4,14	2
4,14	1
4,15	1
4,16	0
4,17	1
4,18	0
4,18	0
4,19	2
4,20	0
4,21	0
4,22	0
4,22	2
4,23	0
4,24	2
4,25	2
4,26	1
4,26	1
4,27	6
4,28	1
4,29	1
4,30	1
4,30	0
4,31	1
4,32	1
4,33	0
4,34	0
4,34	0
4,35	0
4,36	0
4,37	1
4,37	0
4,38	1
4,39	2
4,40	1
4,41	0
4,41	0
4,42	1
4,43	4
4,44	0
4,45	2
4,45	0
4,46	0
4,47	1
4,48	1
4,49	0
4,49	0
4,50	2
4,51	1
4,52	2
4,53	1
4,53	0
4,54	0
4,55	1
4,56	1
4,57	4
4,57	0
4,58	1
4,59	0
4,60	1
4,61	0
4,61	2
4,62	1
4,63	0
4,64	1
4,65	1
4,65	0
4,66	3
4,67	1
4,68	0
4,69	3
4,69	3
4,70	1
4,71	0
4,72	1
4,73	1
4,73	2
4,74	2
4,75	0
4,76	0
4,77	1
4,77	3
4,78	2
4,79	0
4,80	2
4,80	0
4,81	0
4,82	2
4,83	0
4,84	1
4,84	1
4,85	0
4,86	1
4,87	0
4,88	1
4,88	0
4,89	2
4,90	0
4,91	1
4,92	2
4,92	0
4,93	4
4,94	3
4,95	2
4,96	0
4,96	3
4,97	0
4,98	1
4,99	1
5,00	1
5,00	2
5,01	1
5,02	0
5,03	1
5,04	2
5,04	4
5,05	0
5,06	2
5,07	3
5,08	1
5,08	3
5,09	1
5,10	4
5,11	3
5,12	1
5,12	0
5,13	2
5,14	2
5,15	1
5,16	1
5,16	1
5,17	1
5,18	0
5,19	4
5,20	2
5,20	1
5,21	2
5,22	2
5,23	1
5,23	1
5,24	1
5,25	1
5,26	0
5,27	1
5,27	2
5,28	0
5,29	3
5,30	0
5,31	1
5,31	2
5,32	2
5,33	2
5,34	1
5,35	0
5,35	2
5,36	0
5,37	2
5,38	1
5,39	4
5,39	2
5,40	3
5,41	1
5,42	2
5,43	4
5,43	0
5,44	3
5,45	0
5,46	2
5,47	2
5,47	1
5,48	2
5,49	0
5,50	0
5,51	2
5,51	1
5,52	0
5,53	0
5,54	1
5,55	2
5,55	1
5,56	0
5,57	1
5,58	0
5,59	2
5,59	1
5,60	1
5,61	1
5,62	0
5,63	0
5,63	0
5,64	1
5,65	4
5,66	1
5,66	0
5,67	3
5,68	1
5,69	0
5,70	0
5,70	2
5,71	2
5,72	1
5,73	2
5,74	0
5,74	1
5,75	2
5,76	0
5,77	1
5,78	0
5,78	1
5,79	1
5,80	2
5,81	2
5,82	2
5,82	0
5,83	0
5,84	0
5,85	1
5,86	0
5,86	2
5,87	1
5,88	2
5,89	0
5,90	0
5,90	1
5,91	4
5,92	1
5,93	1
5,94	0
5,94	1
5,95	1
5,96	2
5,97	0
5,98	4
5,98	1
5,99	1
6,00	0
6,01	5
6,02	2
6,02	2
6,03	0
6,04	3
6,05	1
6,06	0
6,06	2
6,07	2
6,08	3
6,09	3
6,09	2
6,10	2
6,11	4
6,12	2
6,13	1
6,13	3
6,14	1
6,15	2
6,16	2
6,17	1
6,17	0
6,18	1
6,19	2
6,20	3
6,21	4
6,21	1
6,22	3
6,23	2
6,24	1
6,25	1
6,25	1
6,26	0
6,27	0
6,28	1
6,29	2
6,29	4
6,30	3
6,31	1
6,32	2
6,33	3
6,33	3
6,34	3
6,35	0
6,36	6
6,37	3
6,37	1
6,38	0
6,39	5
6,40	0
6,41	4
6,41	0
6,42	2
6,43	2
6,44	2
6,45	3
6,45	2
6,46	3
6,47	6
6,48	1
6,49	3
6,49	1
6,50	2
6,51	2
6,52	3
6,52	2
6,53	2
6,54	4
6,55	3
6,56	4
6,56	0
6,57	3
6,58	2
6,59	6
6,60	0
6,60	0
6,61	0
6,62	2
6,63	0
6,64	0
6,64	3
6,65	1
6,66	4
6,67	2
6,68	4
6,68	2
6,69	5
6,70	4
6,71	1
6,72	3
6,72	3
6,73	1
6,74	1
6,75	3
6,76	3
6,76	0
6,77	2
6,78	3
6,79	4
6,80	1
6,80	2
6,81	0
6,82	0
6,83	4
6,84	3
6,84	0
6,85	3
6,86	3
6,87	0
6,88	0
6,88	1
6,89	2
6,90	2
6,91	1
6,91	4
6,92	2
6,93	1
6,94	0
6,95	2
6,95	2
6,96	3
6,97	3
6,98	2
6,99	2
6,99	1
7,00	4
7,01	3
7,02	0
7,03	0
7,03	2
7,04	1
7,05	3
7,06	2
7,07	4
7,07	1
7,08	5
7,09	5
7,10	0
7,11	1
7,11	2
7,12	1
7,13	0
7,14	4
7,15	4
7,15	1
7,16	5
7,17	2
7,18	3
7,19	1
7,19	1
7,20	2
7,21	3
7,22	1
7,23	2
7,23	0
7,24	1
7,25	2
7,26	1
7,27	0
7,27	2
7,28	2
7,29	3
7,30	1
7,31	0
7,31	0
7,32	2
7,33	3
7,34	1
7,34	1
7,35	1
7,36	0
7,37	0
7,38	2
7,38	2
7,39	4
7,40	0
7,41	1
7,42	4
7,42	4
7,43	3
7,44	2
7,45	2
7,46	6
7,46	2
7,47	1
7,48	0
7,49	3
7,50	1
7,50	0
7,51	1
7,52	3
7,53	2
7,54	2
7,54	0
7,55	2
7,56	2
7,57	3
7,58	1
7,58	2
7,59	2
7,60	2
7,61	1
7,62	4
7,62	2
7,63	5
7,64	2
7,65	5
7,66	3
7,66	1
7,67	2
7,68	2
7,69	1
7,70	1
7,70	2
7,71	1
7,72	2
7,73	1
7,74	0
7,74	1
7,75	1
7,76	1
7,77	0
7,77	4
7,78	0
7,79	4
7,80	3
7,81	4
7,81	1
7,82	3
7,83	3
7,84	3
7,85	3
7,85	0
7,86	3
7,87	3
7,88	0
7,89	2
7,89	0
7,90	3
7,91	7
7,92	4
7,93	0
7,93	1
7,94	3
7,95	3
7,96	1
7,97	1
7,97	1
7,98	2
7,99	0
8,00	0
8,01	5
8,01	1
8,02	1
8,03	2
8,04	1
8,05	3
8,05	2
8,06	0
8,07	3
8,08	3
8,09	1
8,09	0
8,10	3
8,11	0
8,12	2
8,13	2
8,13	1
8,14	2
8,15	3
8,16	0
8,17	2
8,17	3
8,18	1
8,19	1
8,20	1
8,20	0
8,21	3
8,22	1
8,23	1
8,24	2
8,24	1
8,25	3
8,26	1
8,27	6
8,28	1
8,28	1
8,29	0
8,30	1
8,31	0
8,32	1
8,32	1
8,33	1
8,34	0
8,35	3
8,36	1
8,36	3
8,37	1
8,38	1
8,39	2
8,40	0
8,40	1
8,41	0
8,42	2
8,43	1
8,44	6
8,44	1
8,45	0
8,46	3
8,47	1
8,48	0
8,48	0
8,49	0
8,50	0
8,51	2
8,52	2
8,52	1
8,53	1
8,54	3
8,55	2
8,56	1
8,56	0
8,57	1
8,58	3
8,59	0
8,60	1
8,60	0
8,61	2
8,62	0
8,63	2
8,63	1
8,64	1
8,65	0
8,66	2
8,67	4
8,67	1
8,68	3
8,69	0
8,70	1
8,71	0
8,71	1
8,72	1
8,73	0
8,74	1
8,75	4
8,75	1
8,76	6
8,77	0
8,78	2
8,79	0
8,79	2
8,80	6
8,81	2
8,82	2
8,83	1
8,83	2
8,84	0
8,85	0
8,86	2
8,87	0
8,87	1
8,88	3
8,89	0
8,90	1
8,91	3
8,91	6
8,92	0
8,93	2
8,94	2
8,95	0
8,95	3
8,96	3
8,97	0
8,98	3
8,99	2
8,99	1
9,00	2
9,01	2
9,02	3
9,03	1
9,03	3
9,04	1
9,05	0
9,06	2
9,06	2
9,07	1
9,08	0
9,09	1
9,10	0
9,10	4
9,11	0
9,12	2
9,13	1
9,14	2
9,14	1
9,15	0
9,16	3
9,17	3
9,18	2
9,18	2
9,19	3
9,20	1
9,21	4
9,22	3
9,22	1
9,23	2
9,24	3
9,25	1
9,26	2
9,26	1
9,27	1
9,28	2
9,29	4
9,30	7
9,30	0
9,31	3
9,32	2
9,33	4
9,34	2
9,34	0
9,35	2
9,36	1
9,37	4
9,38	4
9,38	2
9,39	1
9,40	4
9,41	1
9,42	4
9,42	2
9,43	4
9,44	2
9,45	4
9,46	1
9,46	5
9,47	4
9,48	2
9,49	3
9,49	2
9,50	3
9,51	3
9,52	1
9,53	2
9,53	2
9,54	2
9,55	4
9,56	2
9,57	1
9,57	4
9,58	1
9,59	3
9,60	1
9,61	1
9,61	4
9,62	1
9,63	2
9,64	5
9,65	1
9,65	8
9,66	3
9,67	1
9,68	6
9,69	5
9,69	5
9,70	4
9,71	1
9,72	4
9,73	6
9,73	7
9,74	4
9,75	2
9,76	3
9,77	5
9,77	3
9,78	3
9,79	3
9,80	3
9,81	6
9,81	3
9,82	9
9,83	4
9,84	3
9,85	7
9,85	2
9,86	8
9,87	10
9,88	2
9,88	8
9,89	7
9,90	7
9,91	10
9,92	10
9,92	7
9,93	10
9,94	6
9,95	7
9,96	4
9,96	6
9,97	9
9,98	5
9,99	10
10,00	6
10,00	6
10,01	17
10,02	11
10,03	8
10,04	5
10,04	12
10,05	12
10,06	7
10,07	5
10,08	7
10,08	9
10,09	3
10,10	7
10,11	15
10,12	7
10,12	15
10,13	11
10,14	12
10,15	14
10,16	11
10,16	11
10,17	7
10,18	17
10,19	11
10,20	20
10,20	9
10,21	17
10,22	13
10,23	13
10,24	15
10,24	18
10,25	19
10,26	8
10,27	11
10,28	8
10,28	12
10,29	16
10,30	12
10,31	23
10,31	17
10,32	14
10,33	19
10,34	19
10,35	16
10,35	14
10,36	24
10,37	17
10,38	19
10,39	18
10,39	26
10,40	18
10,41	12
10,42	18
10,43	24
10,43	19
10,44	17
10,45	20
10,46	23
10,47	26
10,47	14
10,48	13
10,49	24
10,50	26
10,51	16
10,51	17
10,52	35
10,53	19
10,54	23
10,55	30
10,55	16
10,56	27
10,57	13
10,58	24
10,59	19
10,59	32
10,60	18
10,61	19
10,62	18
10,63	23
10,63	29
10,64	20
10,65	30
10,66	26
10,67	20
10,67	33
10,68	27
10,69	25
10,70	32
10,71	19
10,71	29
10,72	22
10,73	31
10,74	34
10,74	26
10,75	29
10,76	24
10,77	35
10,78	38
10,78	24
10,79	24
10,80	30
10,81	29
10,82	34
10,82	31
10,83	30
10,84	35
10,85	33
10,86	18
10,86	26
10,87	44
10,88	25
10,89	30
10,90	22
10,90	43
10,91	30
10,92	43
10,93	36
10,94	32
10,94	29
10,95	27
10,96	40
10,97	29
10,98	27
10,98	29
10,99	43
11,00	35
11,01	35
11,02	29
11,02	31
11,03	38
11,04	26
11,05	25
11,06	33
11,06	42
11,07	41
11,08	42
11,09	37
11,10	32
11,10	31
11,11	32
11,12	38
11,13	50
11,14	42
11,14	38
11,15	33
11,16	40
11,17	41
11,17	44
11,18	37
11,19	32
11,20	37
11,21	50
11,21	39
11,22	49
11,23	44
11,24	30
11,25	31
11,25	36
11,26	51
11,27	32
11,28	37
11,29	40
11,29	36
11,30	23
11,31	43
11,32	40
11,33	59
11,33	56
11,34	48
11,35	47
11,36	61
11,37	12
11,37	43
11,38	36
11,39	47
11,40	43
11,41	41
11,41	45
11,42	57
11,43	38
11,44	51
11,45	40
11,45	57
11,46	46
11,47	47
11,48	29
11,49	44
11,49	40
11,50	43
11,51	56
11,52	66
11,53	51
11,53	46
11,54	51
11,55	33
11,56	42
11,57	48
11,57	55
11,58	58
11,59	45
11,60	44
11,60	48
11,61	70
11,62	33
11,63	65
11,64	54
11,64	72
11,65	65
11,66	41
11,67	71
11,68	65
11,68	40
11,69	76
11,70	62
11,71	53
11,72	50
11,72	56
11,73	53
11,74	66
11,75	47
11,76	51
11,76	70
11,77	61
11,78	71
11,79	59
11,80	67
11,80	68
11,81	56
11,82	68
11,83	62
11,84	90
11,84	60
11,85	55
11,86	76
11,87	66
11,88	47
11,88	66
11,89	62
11,90	72
11,91	66
11,92	78
11,92	76
11,93	58
11,94	57
11,95	71
11,96	57
11,96	76
11,97	69
11,98	76
11,99	64
12,00	84
12,00	64
12,01	65
12,02	84
12,03	99
12,03	76
12,04	64
12,05	80
12,06	79
12,07	63
12,07	76
12,08	63
12,09	97
12,10	73
12,11	82
12,11	68
12,12	110
12,13	75
12,14	87
12,15	78
12,15	103
12,16	91
12,17	86
12,18	94
12,19	80
12,19	72
12,20	89
12,21	77
12,22	94
12,23	97
12,23	93
12,24	100
12,25	87
12,26	79
12,27	92
12,27	88
12,28	103
12,29	79
12,30	78
12,31	96
12,31	108
12,32	64
12,33	99
12,34	90
12,35	101
12,35	96
12,36	98
12,37	102
12,38	117
12,39	60
12,39	108
12,40	98
12,41	110
12,42	100
12,43	84
12,43	120
12,44	104
12,45	89
12,46	121
12,46	93
12,47	129
12,48	134
12,49	116
12,50	113
12,50	98
12,51	100
12,52	117
12,53	95
12,54	136
12,54	114
12,55	83
12,56	134
12,57	121
12,58	109
12,58	113
12,59	106
12,60	134
12,61	104
12,62	105
12,62	125
12,63	134
12,64	83
12,65	139
12,66	113
12,66	117
12,67	127
12,68	85
12,69	123
12,70	117
12,70	81
12,71	126
12,72	91
12,73	103
12,74	118
12,74	119
12,75	124
12,76	98
12,77	114
12,78	115
12,78	106
12,79	121
12,80	135
12,81	90
12,82	141
12,82	122
12,83	70
12,84	133
12,85	102
12,85	116
12,86	116
12,87	98
12,88	99
12,89	105
12,89	78
12,90	118
12,91	107
12,92	109
12,93	135
12,93	94
12,94	107
12,95	94
12,96	108
12,97	146
12,97	96
12,98	116
12,99	119
13,00	113
13,01	109
13,01	104
13,02	92
13,03	108
13,04	118
13,05	130
13,05	123
13,06	82
13,07	136
13,08	76
13,09	83
13,09	135
13,10	74
13,11	112
13,12	101
13,13	95
13,13	108
13,14	131
13,15	70
13,16	107
13,17	98
13,17	94
13,18	111
13,19	92
13,20	114
13,21	87
13,21	80
13,22	108
13,23	67
13,24	83
13,25	105
13,25	95
13,26	87
13,27	118
13,28	63
13,28	74
13,29	90
13,30	105
13,31	78
13,32	77
13,32	109
13,33	80
13,34	62
13,35	89
13,36	66
13,36	95
13,37	78
13,38	91
13,39	86
13,40	128
13,40	51
13,41	77
13,42	88
13,43	80
13,44	74
13,44	80
13,45	88
13,46	75
13,47	63
13,48	87
13,48	61
13,49	89
13,50	77
13,51	76
13,52	79
13,52	73
13,53	39
13,54	68
13,55	78
13,56	65
13,56	64
13,57	40
13,58	75
13,59	61
13,60	76
13,60	74
13,61	44
13,62	69
13,63	70
13,64	53
13,64	75
13,65	79
13,66	46
13,67	57
13,68	59
13,68	53
13,69	74
13,70	48
13,71	80
13,71	53
13,72	36
13,73	55
13,74	56
13,75	47
13,75	62
13,76	59
13,77	45
13,78	48
13,79	37
13,79	43
13,80	51
13,81	48
13,82	47
13,83	42
13,83	69
13,84	37
13,85	27
13,86	59
13,87	35
13,87	43
13,88	32
13,89	49
13,90	57
13,91	57
13,91	41
13,92	25
13,93	40
13,94	31
13,95	55
13,95	32
13,96	42
13,97	37
13,98	42
13,99	50
13,99	38
14,00	31
14,01	25
14,02	31
14,03	38
14,03	47
14,04	30
14,05	25
14,06	32
14,07	41
14,07	35
14,08	30
14,09	42
14,10	26
14,11	27
14,11	34
14,12	29
14,13	41
14,14	40
14,14	31
14,15	21
14,16	25
14,17	18
14,18	32
14,18	41
14,19	20
14,20	31
14,21	32
14,22	31
14,22	22
14,23	15
14,24	33
14,25	24
14,26	17
14,26	44
14,27	17
14,28	17
14,29	26
14,30	27
14,30	23
14,31	19
14,32	24
14,33	14
14,34	22
14,34	28
14,35	23
14,36	15
14,37	28
14,38	18
14,38	25
14,39	17
14,40	19
14,41	20
14,42	14
14,42	18
14,43	19
14,44	19
14,45	23
14,46	15
14,46	18
14,47	19
14,48	11
14,49	16
14,50	19
14,50	12
14,51	17
14,52	19
14,53	11
14,54	17
14,54	15
14,55	20
14,56	23
14,57	13
14,57	26
14,58	16
14,59	17
14,60	20
14,61	14
14,61	14
14,62	13
14,63	11
14,64	14
14,65	15
14,65	14
14,66	15
14,67	14
14,68	13
14,69	13
14,69	7
14,70	16
14,71	20
14,72	14
14,73	13
14,73	15
14,74	8
14,75	14
14,76	11
14,77	11
14,77	16
14,78	10
14,79	14
14,80	7
14,81	11
14,81	6
14,82	20
14,83	15
14,84	8
14,85	11
14,85	14
14,86	9
14,87	7
14,88	9
14,89	7
14,89	11
14,90	11
14,91	7
14,92	14
14,93	10
14,93	9
14,94	7
14,95	5
14,96	4
14,97	8
14,97	6
14,98	9
14,99	5
15,00	15
15,00	7
15,01	6
15,02	7
15,03	10
15,04	7
15,04	8
15,05	4
15,06	5
15,07	4
15,08	6
15,08	4
15,09	2
15,10	4
15,11	6
15,12	7
15,12	3
15,13	8
15,14	4
15,15	9
15,16	6
15,16	2
15,17	3
15,18	4
15,19	4
15,20	6
15,20	5
15,21	5
15,22	7
15,23	3
15,24	4
15,24	3
15,25	2
15,26	3
15,27	1
15,28	5
15,28	4
15,29	0
15,30	2
15,31	2
15,32	5
15,32	1
15,33	7
15,34	2
15,35	2
15,36	4
15,36	6
15,37	7
15,38	1
15,39	0
15,40	4
15,40	0
15,41	1
15,42	1
15,43	2
15,43	2
15,44	1
15,45	4
15,46	2
15,47	2
15,47	4
15,48	2
15,49	2
15,50	3
15,51	3
15,51	3
15,52	1
15,53	1
15,54	2
15,55	3
15,55	1
15,56	0
15,57	1
15,58	0
15,59	1
15,59	2
15,60	1
15,61	1
15,62	2
15,63	1
15,63	1
15,64	4
15,65	2
15,66	2
15,67	0
15,67	2
15,68	3
15,69	3
15,70	3
15,71	2
15,71	0
15,72	3
15,73	2
15,74	4
15,75	3
15,75	2
15,76	2
15,77	0
15,78	3
15,79	2
15,79	1
15,80	1
15,81	0
15,82	1
15,83	2
15,83	2
15,84	1
15,85	1
15,86	2
15,86	0
15,87	4
15,88	1
15,89	1
15,90	1
15,90	3
15,91	1
15,92	2
15,93	2
15,94	1
15,94	2
15,95	2
15,96	2
15,97	3
15,98	2
15,98	2
15,99	1
16,00	0
16,01	3
16,02	1
16,02	0
16,03	1
16,04	0
16,05	0
16,06	0
16,06	2
16,07	5
16,08	2
16,09	3
16,10	2
16,10	2
16,11	1
16,12	3
16,13	1
16,14	1
16,14	2
16,15	0
16,16	1
16,17	4
16,18	1
16,18	1
16,19	0
16,20	1
16,21	0
16,22	2
16,22	1
16,23	1
16,24	1
16,25	2
16,25	2
16,26	1
16,27	1
16,28	0
16,29	0
16,29	1
16,30	0
16,31	2
16,32	1
16,33	2
16,33	0
16,34	0
16,35	0
16,36	0
16,37	0
16,37	0
16,38	2
16,39	1
16,40	1
16,41	0
16,41	0
16,42	1
16,43	2
16,44	2
16,45	4
16,45	2
16,46	2
16,47	2
16,48	0
16,49	0
16,49	2
16,50	0
16,51	0
16,52	0
16,53	1
16,53	0
16,54	1
16,55	1
16,56	1
16,57	0
16,57	0
16,58	1
16,59	0
16,60	1
16,61	0
16,61	2
16,62	1
16,63	0
16,64	4
16,65	0
16,65	2
16,66	2
16,67	0
16,68	2
16,68	0
16,69	1
16,70	2
16,71	3
16,72	1
16,72	0
16,73	1
16,74	3
16,75	2
16,76	0
16,76	1
16,77	1
16,78	1
16,79	1
16,80	0
16,80	0
16,81	1
16,82	0
16,83	0
16,84	2
16,84	1
16,85	2
16,86	1
16,87	1
16,88	1
16,88	1
16,89	0
16,90	1
16,91	2
16,92	0
16,92	2
16,93	0
16,94	2
16,95	1
16,96	1
16,96	0
16,97	0
16,98	1
16,99	1
17,00	0
17,00	0
17,01	0
17,02	0
17,03	1
17,04	0
17,04	1
17,05	3
17,06	1
17,07	1
17,08	0
17,08	0
17,09	0
17,10	0
17,11	3
17,11	1
17,12	1
17,13	1
17,14	2
17,15	1
17,15	0
17,16	1
17,17	1
17,18	1
17,19	1
17,19	2
17,20	0
17,21	3
17,22	0
17,23	0
17,23	0
17,24	0
17,25	1
17,26	2
17,27	0
17,27	1
17,28	2
17,29	0
17,30	0
17,31	1
17,31	1
17,32	1
17,33	2
17,34	2
17,35	1
17,35	1
17,36	1
17,37	0
17,38	2
17,39	0
17,39	0
17,40	0
17,41	0
17,42	0
17,43	0
17,43	0
17,44	2
17,45	0
17,46	1
17,47	2
17,47	0
17,48	0
17,49	1
17,50	1
17,51	2
17,51	1
17,52	1
17,53	1
17,54	0
17,54	1
17,55	0
17,56	0
17,57	0
17,58	1
17,58	1
17,59	0
17,60	0
17,61	0
17,62	0
17,62	3
17,63	1
17,64	0
17,65	0
17,66	0
17,66	0
17,67	1
17,68	2
17,69	0
17,70	1
17,70	0
17,71	0
17,72	1
17,73	0
17,74	1
17,74	0
17,75	0
17,76	1
17,77	0
17,78	1
17,78	0
17,79	2
17,80	2
17,81	1
17,82	1
17,82	0
17,83	2
17,84	0
17,85	1
17,86	0
17,86	1
17,87	1
17,88	2
17,89	0
17,90	0
17,90	1
17,91	0
17,92	0
17,93	0
17,94	2
17,94	0
17,95	1
17,96	0
17,97	0
17,97	0
17,98	1
17,99	0
18,00	0
18,01	0
18,01	0
18,02	0
18,03	0
18,04	2
18,05	0
18,05	1
18,06	1
18,07	0
18,08	0
18,09	1
18,09	1
18,10	0
18,11	0
18,12	1
18,13	0
18,13	0
18,14	0
18,15	1
18,16	1
18,17	1
18,17	0
18,18	0
18,19	0
18,20	1
18,21	1
18,21	3
18,22	0
18,23	1
18,24	0
18,25	0
18,25	0
18,26	0
18,27	0
18,28	0
18,29	1
18,29	0
18,30	0
18,31	1
18,32	0
18,33	0
18,33	1
18,34	0
18,35	0
18,36	1
18,37	0
18,37	0
18,38	1
18,39	0
18,40	1
18,40	2
18,41	0
18,42	1
18,43	1
18,44	0
18,44	1
18,45	1
18,46	0
18,47	1
18,48	2
18,48	0
18,49	0
18,50	0
18,51	1
18,52	0
18,52	0
18,53	0
18,54	0
18,55	0
18,56	0
18,56	0
18,57	0
18,58	0
18,59	0
18,60	1
18,60	0
18,61	1
18,62	0
18,63	0
18,64	1
18,64	1
18,65	0
18,66	0
18,67	0
18,68	1
18,68	0
18,69	0
18,70	0
18,71	0
18,72	1
18,72	2
18,73	0
18,74	0
18,75	1
18,76	0
18,76	0
18,77	0
18,78	1
18,79	1
18,80	0
18,80	2
18,81	1
18,82	0
18,83	2
18,83	0
18,84	0
18,85	1
18,86	0
18,87	0
18,87	2
18,88	0
18,89	1
18,90	1
18,91	0
18,91	1
18,92	0
18,93	1
18,94	0
18,95	0
18,95	0
18,96	0
18,97	2
18,98	1
18,99	2
18,99	0
19,00	0
19,01	0
19,02	1
19,03	1
19,03	1
19,04	2
19,05	1
19,06	0
19,07	0
19,07	0
19,08	0
19,09	0
19,10	0
19,11	0
19,11	0
19,12	0
19,13	1
19,14	0
19,15	3
19,15	0
19,16	0
19,17	0
19,18	0
19,19	0
19,19	0
19,20	1
19,21	1
19,22	1
19,23	1
19,23	0
19,24	0
19,25	2
19,26	1
19,26	2
19,27	1
19,28	0
19,29	0
19,30	2
19,30	0
19,31	0
19,32	0
19,33	0
19,34	1
19,34	0
19,35	0
19,36	0
19,37	0
19,38	0
19,38	0
19,39	0
19,40	0
19,41	1
19,42	1
19,42	0
19,43	1
19,44	0
19,45	0
19,46	0
19,46	1
19,47	0
19,48	0
19,49	0
19,50	0
19,50	1
19,51	0
19,52	0
19,53	1
19,54	2
19,54	2
19,55	1
19,56	1
19,57	0
19,58	0
19,58	1
19,59	2
19,60	0
19,61	1
19,62	1
19,62	0
19,63	0
19,64	1
19,65	0
19,65	1
19,66	0
19,67	0
19,68	0
19,69	1
19,69	0
19,70	0
19,71	1
19,72	1
19,73	1
19,73	0
19,74	0
19,75	0
19,76	0
19,77	0
19,77	0
19,78	0
19,79	0
19,80	0
19,81	0
19,81	2
19,82	0
19,83	0
19,84	0
19,85	1
19,85	0
19,86	1
19,87	0
19,88	0
19,89	0
19,89	0
19,90	0
19,91	0
19,92	2
19,93	0
19,93	0
19,94	1
19,95	0
19,96	0
19,97	0
19,97	0
19,98	0
19,99	2
20,00	0
20,01	0
20,01	2
20,02	0
20,03	1
20,04	0
20,05	0
20,05	0
20,06	1
20,07	0
20,08	0
20,08	0
20,09	0
20,10	0
20,11	0
20,12	1
20,12	0
20,13	0
20,14	0
20,15	0
20,16	0
20,16	0
20,17	0
20,18	0
20,19	1
20,20	0
20,20	2
20,21	0
20,22	1
20,23	0
20,24	2
20,24	0
20,25	0
20,26	0
20,27	0
20,28	0
20,28	0
20,29	0
20,30	0
20,31	0
20,32	1
20,32	0
20,33	1
20,34	0
20,35	0
20,36	1
20,36	0
20,37	1
20,38	0
20,39	1
20,40	0
20,40	1
20,41	1
20,42	1
20,43	0
20,44	1
20,44	1
20,45	0
20,46	0
20,47	2
20,48	0
20,48	0
20,49	0
20,50	0
20,51	0
20,51	0
20,52	0
20,53	0
20,54	0
20,55	0
20,55	0
20,56	0
20,57	0
20,58	0
20,59	0
20,59	1
20,60	0
20,61	0
20,62	1
20,63	1
20,63	0
20,64	0
20,65	1
20,66	0
20,67	2
20,67	0
20,68	0
20,69	0
20,70	0
20,71	0
20,71	1
20,72	0
20,73	1
20,74	1
20,75	1
20,75	0
20,76	1
20,77	0
20,78	1
20,79	1
20,79	0
20,80	0
20,81	1
20,82	0
20,83	0
20,83	1
20,84	2
20,85	0
20,86	0
20,87	0
20,87	1
20,88	0
20,89	0
20,90	0
20,91	2
20,91	0
20,92	0
20,93	0
20,94	2
20,94	0
20,95	0
20,96	0
20,97	2
20,98	2
20,98	0
20,99	0
21,00	0
21,01	0
21,02	1
21,02	1
21,03	0
21,04	0
21,05	2
21,06	0
21,06	1
21,07	0
21,08	0
21,09	0
21,10	0
21,10	0
21,11	0
21,12	0
21,13	1
21,14	0
21,14	0
21,15	0
21,16	0
21,17	0
21,18	0
21,18	0
21,19	1
21,20	1
21,21	0
21,22	0
21,22	1
21,23	0
21,24	0
21,25	1
21,26	0
21,26	0
21,27	0
21,28	0
21,29	1
21,30	1
21,30	0
21,31	0
21,32	1
21,33	1
21,34	0
21,34	0
21,35	1
21,36	0
21,37	1
21,37	1
21,38	0
21,39	0
21,40	0
21,41	1
21,41	1
21,42	0
21,43	0
21,44	0
21,45	0
21,45	0
21,46	0
21,47	1
21,48	0
21,49	1
21,49	1
21,50	0
21,51	0
21,52	1
21,53	1
21,53	2
21,54	1
21,55	0
21,56	0
21,57	2
21,57	0
21,58	0
21,59	1
21,60	1
21,61	2
21,61	0
21,62	0
21,63	1
21,64	1
21,65	1
21,65	0
21,66	0
21,67	0
21,68	1
21,69	0
21,69	1
21,70	0
21,71	0
21,72	0
21,73	0
21,73	3
21,74	0
21,75	1
21,76	0
21,77	0
21,77	1
21,78	0
21,79	1
21,80	0
21,80	0
21,81	0
21,82	1
21,83	1
21,84	0
21,84	1
21,85	0
21,86	0
21,87	0
21,88	0
21,88	0
21,89	0
21,90	1
21,91	0
21,92	2
21,92	2
21,93	0
21,94	1
21,95	1
21,96	0
21,96	0
21,97	0
21,98	1
21,99	0
22,00	1
22,00	1
22,01	0
22,02	0
22,03	0
22,04	0
22,04	1
22,05	2
22,06	0
22,07	1
22,08	0
22,08	0
22,09	0
22,10	1
22,11	0
22,12	2
22,12	1
22,13	0
22,14	0
22,15	0
22,16	1
22,16	0
22,17	0
22,18	2
22,19	1
22,20	1
22,20	0
22,21	0
22,22	0
22,23	2
22,23	0
22,24	0
22,25	1
22,26	0
22,27	1
22,27	0
22,28	0
22,29	0
22,30	0
22,31	0
22,31	1
22,32	0
22,33	1
22,34	2
22,35	0
22,35	2
22,36	0
22,37	0
22,38	0
22,39	2
22,39	2
22,40	0
22,41	0
22,42	2
22,43	0
22,43	1
22,44	0
22,45	1
22,46	1
22,47	0
22,47	0
22,48	0
22,49	1
22,50	0
22,51	0
22,51	0
22,52	0
22,53	1
22,54	1
22,55	0
22,55	1
22,56	0
22,57	0
22,58	0
22,59	0
22,59	2
22,60	1
22,61	0
22,62	0
22,62	0
22,63	0
22,64	0
22,65	0
22,66	0
22,66	0
22,67	2
22,68	0
22,69	0
22,70	0
22,70	1
22,71	0
22,72	0
22,73	0
22,74	1
22,74	0
22,75	1
22,76	0
22,77	1
22,78	1
22,78	1
22,79	0
22,80	0
22,81	0
22,82	0
22,82	0
22,83	2
22,84	1
22,85	0
22,86	1
22,86	0
22,87	0
22,88	0
22,89	0
22,90	0
22,90	1
22,91	0
22,92	0
22,93	0
22,94	0
22,94	1
22,95	0
22,96	0
22,97	0
22,98	0
22,98	0
22,99	1
23,00	0
23,01	0
23,02	1
23,02	0
23,03	0
23,04	0
23,05	0
23,05	1
23,06	1
23,07	0
23,08	0
23,09	0
23,09	0
23,10	1
23,11	1
23,12	1
23,13	2
23,13	0
23,14	0
23,15	0
23,16	0
23,17	0
23,17	0
23,18	0
23,19	0
23,20	0
23,21	1
23,21	0
23,22	0
23,23	1
23,24	1
23,25	0
23,25	0
23,26	0
23,27	0
23,28	0
23,29	2
23,29	0
23,30	0
23,31	1
23,32	1
23,33	0
23,33	0
23,34	0
23,35	0
23,36	0
23,37	0
23,37	0
23,38	0
23,39	0
23,40	0
23,41	0
23,41	0
23,42	0
23,43	0
23,44	0
23,45	0
23,45	1
23,46	0
23,47	0
23,48	0
23,48	0
23,49	0
23,50	0
23,51	1
23,52	1
23,52	0
23,53	0
23,54	0
23,55	0
23,56	0
23,56	0
23,57	0
23,58	0
23,59	0
23,60	0
23,60	0
23,61	0
23,62	0
23,63	0
23,64	0
23,64	0
23,65	1
23,66	0
23,67	1
23,68	0
23,68	0
23,69	1
23,70	0
23,71	0
23,72	0
23,72	1
23,73	0
23,74	0
23,75	0
23,76	0
23,76	0
23,77	2
23,78	0
23,79	0
23,80	0
23,80	1
23,81	1
23,82	1
23,83	0
23,84	0
23,84	0
23,85	0
23,86	1
23,87	0
23,88	0
23,88	0
23,89	1
23,90	0
23,91	0
23,91	0
23,92	1
23,93	0
23,94	1
23,95	0
23,95	0
23,96	0
23,97	0
23,98	0
23,99	0
23,99	1
24,00	1
24,01	0
24,02	0
24,03	1
24,03	0
24,04	0
24,05	1
24,06	2
24,07	0
24,07	0
24,08	0
24,09	0
24,10	0
24,11	0
24,11	0
24,12	0
24,13	0
24,14	0
24,15	0
24,15	0
24,16	0
24,17	0
24,18	0
24,19	1
24,19	1
24,20	0
24,21	0
24,22	0
24,23	1
24,23	0
24,24	0
24,25	1
24,26	1
24,27	0
24,27	0
24,28	0
24,29	0
24,30	0
24,31	1
24,31	0
24,32	0
24,33	0
24,34	0
24,34	0
24,35	0
24,36	0
24,37	1
24,38	0
24,38	0
24,39	0
24,40	0
24,41	0
24,42	0
24,42	0
24,43	0
24,44	0
24,45	0
24,46	4
24,46	1
24,47	0
24,48	0
24,49	0
24,50	0
24,50	0
24,51	0
24,52	0
24,53	1
24,54	0
24,54	0
24,55	0
24,56	0
24,57	0
24,58	0
24,58	0
24,59	1
24,60	0
24,61	0
24,62	0
24,62	0
24,63	0
24,64	1
24,65	0
24,66	0
24,66	0
24,67	0
24,68	1
24,69	0
24,70	0
24,70	1
24,71	0
24,72	0
24,73	0
24,74	0
24,74	0
24,75	0
24,76	0
24,77	1
24,77	0
24,78	0
24,79	0
24,80	0
24,81	0
24,81	0
24,82	0
24,83	0
24,84	0
24,85	1
24,85	1
24,86	0
24,87	0
24,88	0
24,89	0
24,89	0
24,90	1
24,91	0
24,92	0
24,93	2
24,93	0
24,94	0
24,95	0
24,96	0
24,97	0
24,97	1
24,98	0
24,99	0
25,00	0
25,01	0
25,01	1
25,02	1
25,03	0
25,04	0
25,05	1
25,05	0
25,06	0
25,07	0
25,08	0
25,09	0
25,09	0
25,10	1
25,11	1
25,12	0
25,13	2
25,13	0
25,14	0
25,15	1
25,16	0
25,17	0
25,17	0
25,18	0
25,19	1
25,20	0
25,20	0
25,21	0
25,22	1
25,23	0
25,24	0
25,24	0
25,25	0
25,26	1
25,27	0
25,28	0
25,28	0
25,29	1
25,30	0
25,31	0
25,32	0
25,32	1
25,33	0
25,34	0
25,35	0
25,36	0
25,36	0
25,37	0
25,38	0
25,39	0
25,40	0
25,40	0
25,41	0
25,42	0
25,43	0
25,44	0
25,44	0
25,45	1
25,46	0
25,47	0
25,48	0
25,48	0
25,49	0
25,50	0
25,51	0
25,52	0
25,52	0
25,53	0
25,54	0
25,55	0
25,56	0
25,56	0
25,57	0
25,58	0
25,59	1
25,59	0
25,60	1
25,61	0
25,62	0
25,63	0
25,63	0
25,64	0
25,65	1
25,66	0
25,67	1
25,67	0
25,68	0
25,69	0
25,70	0
25,71	0
25,71	0
25,72	0
25,73	0
25,74	1
25,75	0
25,75	0
25,76	0
25,77	0
25,78	0
25,79	0
25,79	0
25,80	0
25,81	0
25,82	0
25,83	0
25,83	0
25,84	0
25,85	0
25,86	1
25,87	0
25,87	0
25,88	0
25,89	0
25,90	0
25,91	0
25,91	0
25,92	0
25,93	0
25,94	0
25,95	0
25,95	0
25,96	0
25,97	0
25,98	0
25,99	0
25,99	0
26,00	0
26,01	0
26,02	1
26,02	0
26,03	0
26,04	0
26,05	0
26,06	0
26,06	1
26,07	0
26,08	0
26,09	0
26,10	0
26,10	1
26,11	1
26,12	0
26,13	0
26,14	0
26,14	0
26,15	0
26,16	0
26,17	0
26,18	0
26,18	1
26,19	0
26,20	0
26,21	0
26,22	0
26,22	0
26,23	0
26,24	1
26,25	0
26,26	0
26,26	0
26,27	0
26,28	0
26,29	0
26,30	0
26,30	0
26,31	0
26,32	0
26,33	0
26,34	0
26,34	0
26,35	0
26,36	0
26,37	0
26,38	1
26,38	0
26,39	0
26,40	0
26,41	0
26,42	0
26,42	0
26,43	0
26,44	0
26,45	1
26,45	1
26,46	0
26,47	0
26,48	1
26,49	0
26,49	0
26,50	0
26,51	0
26,52	0
26,53	0
26,53	0
26,54	0
26,55	1
26,56	1
26,57	0
26,57	1
26,58	0
26,59	0
26,60	0
26,61	0
26,61	0
26,62	0
26,63	1
26,64	0
26,65	0
26,65	0
26,66	0
26,67	0
26,68	0
26,69	0
26,69	0
26,70	0
26,71	1
26,72	0
26,73	1
26,73	0
26,74	1
26,75	2
26,76	0
26,77	0
26,77	0
26,78	0
26,79	1
26,80	0
26,81	1
26,81	0
26,82	0
26,83	0
26,84	0
26,85	0
26,85	0
26,86	0
26,87	1
26,88	1
26,88	0
26,89	0
26,90	0
26,91	0
26,92	0
26,92	0
26,93	0
26,94	0
26,95	0
26,96	0
26,96	0
26,97	0
26,98	0
26,99	2
27,00	0
27,00	0
27,01	0
27,02	0
27,03	0
27,04	0
27,04	0
27,05	1
27,06	0
27,07	0
27,08	0
27,08	1
27,09	0
27,10	0
27,11	0
27,12	0
27,12	0
27,13	0
27,14	0
27,15	0
27,16	0
27,16	0
27,17	0
27,18	0
27,19	0
27,20	0
27,20	0
27,21	1
27,22	0
27,23	0
27,24	1
27,24	0
27,25	0
27,26	0
27,27	1
27,28	0
27,28	0
27,29	0
27,30	0
27,31	0
27,31	0
27,32	1
27,33	0
27,34	0
27,35	0
27,35	0
27,36	0
27,37	0
27,38	0
27,39	0
27,39	0
27,40	0
27,41	1
27,42	0
27,43	0
27,43	1
27,44	0
27,45	0
27,46	0
27,47	1
27,47	0
27,48	0
27,49	0
27,50	0
27,51	0
27,51	0
27,52	1
27,53	0
27,54	0
27,55	0
27,55	0
27,56	0
27,57	0
27,58	0
27,59	0
27,59	0
27,60	1
27,61	0
27,62	2
27,63	0
27,63	0
27,64	0
27,65	0
27,66	1
27,67	0
27,67	0
27,68	0
27,69	0
27,70	0
27,71	1
27,71	0
27,72	0
27,73	0
27,74	0
27,74	0
27,75	0
27,76	0
27,77	1
27,78	0
27,78	0
27,79	0
27,80	1
27,81	0
27,82	2
27,82	0
27,83	0
27,84	0
27,85	0
27,86	0
27,86	1
27,87	1
27,88	0
27,89	0
27,90	0
27,90	1
27,91	0
27,92	1
27,93	0
27,94	0
27,94	0
27,95	0
27,96	0
27,97	0
27,98	0
27,98	1
27,99	0
28,00	1
28,01	0
28,02	0
28,02	0
28,03	1
28,04	0
28,05	0
28,06	0
28,06	0
28,07	1
28,08	0
28,09	0
28,10	0
28,10	0
28,11	0
28,12	0
28,13	0
28,14	1
28,14	0
28,15	0
28,16	0
28,17	0
28,17	1
28,18	1
28,19	0
28,20	0
28,21	0
28,21	0
28,22	0
28,23	0
28,24	0
28,25	1
28,25	2
28,26	0
28,27	0
28,28	0
28,29	0
28,29	0
28,30	0
28,31	0
28,32	0
28,33	0
28,33	1
28,34	0
28,35	1
28,36	0
28,37	0
28,37	0
28,38	0
28,39	1
28,40	0
28,41	0
28,41	0
28,42	1
28,43	0
28,44	0
28,45	0
28,45	0
28,46	0
28,47	1
28,48	0
28,49	0
28,49	0
28,50	0
28,51	0
28,52	0
28,53	0
28,53	0
28,54	1
28,55	1
28,56	0
28,57	0
28,57	1
28,58	0
28,59	0
28,60	2
28,60	0
28,61	2
28,62	0
28,63	0
28,64	0
28,64	0
28,65	0
28,66	0
28,67	0
28,68	0
28,68	0
28,69	0
28,70	1
28,71	0
28,72	0
28,72	2
28,73	0
28,74	0
28,75	0
28,76	0
28,76	0
28,77	1
28,78	2
28,79	0
28,80	0
28,80	0
28,81	0
28,82	0
28,83	0
28,84	1
28,84	0
28,85	0
28,86	0
28,87	0
28,88	0
28,88	0
28,89	0
28,90	0
28,91	0
28,92	0
28,92	0
28,93	0
28,94	0
28,95	0
28,96	0
28,96	0
28,97	0
28,98	0
28,99	0
28,99	0
29,00	0
29,01	0
29,02	2
29,03	1
29,03	1
29,04	0
29,05	0
29,06	1
29,07	0
29,07	0
29,08	0
29,09	0
29,10	0
29,11	0
29,11	1
29,12	0
29,13	0
29,14	0
29,15	0
29,15	0
29,16	0
29,17	0
29,18	0
29,19	1
29,19	1
29,20	0
29,21	0
29,22	0
29,23	0
29,23	0
29,24	0
29,25	0
29,26	0
29,27	1
29,27	0
29,28	0
29,29	0
29,30	0
29,31	1
29,31	0
29,32	0
29,33	0
29,34	0
29,35	0
29,35	0
29,36	1
29,37	0
29,38	0
29,39	1
29,39	0
29,40	0
29,41	0
29,42	0
29,42	0
29,43	1
29,44	0
29,45	0
29,46	0
29,46	0
29,47	0
29,48	1
29,49	0
29,50	0
29,50	2
29,51	1
29,52	0
29,53	0
29,54	0
29,54	0
29,55	0
29,56	0
29,57	0
29,58	0
29,58	0
29,59	0
29,60	0
29,61	2
29,62	0
29,62	0
29,63	0
29,64	0
29,65	0
29,66	0
29,66	1
29,67	0
29,68	0
29,69	0
29,70	0
29,70	0
29,71	1
29,72	0
29,73	0
29,74	0
29,74	0
29,75	0
29,76	0
29,77	0
29,78	0
29,78	1
29,79	0
29,80	2
29,81	0
29,82	0
29,82	0
29,83	0
29,84	0
29,85	0
29,85	1
29,86	0
29,87	0
29,88	1
29,89	0
29,89	0
29,90	0
29,91	0
29,92	0
29,93	0
29,93	0
29,94	0
29,95	1
29,96	1
29,97	0
29,97	0
29,98	0
29,99	0
30,00	0
30,01	0
30,01	0
30,02	0
30,03	0
30,04	1
30,05	1
30,05	0
30,06	0
30,07	0
30,08	0
30,09	0
30,09	1
30,10	0
30,11	0
30,12	0
30,13	0
30,13	0
30,14	0
30,15	0
30,16	0
30,17	0
30,17	0
30,18	0
30,19	0
30,20	0
30,21	0
30,21	0
30,22	0
30,23	0
30,24	0
30,25	0
30,25	1
30,26	0
30,27	1
30,28	0
30,28	0
30,29	0
30,30	0
30,31	0
30,32	0
30,32	1
30,33	0
30,34	0
30,35	0
30,36	0
30,36	0
30,37	0
30,38	1
30,39	0
30,40	0
30,40	0
30,41	0
30,42	0
30,43	0
30,44	0
30,44	0
30,45	0
30,46	0
30,47	0
30,48	0
30,48	0
30,49	0
30,50	0
30,51	0
30,52	0
30,52	0
30,53	0
30,54	0
30,55	0
30,56	1
30,56	0
30,57	1
30,58	1
30,59	0
30,60	0
30,60	0
30,61	1
30,62	0
30,63	0
30,64	0
30,64	0
30,65	0
30,66	0
30,67	0
30,68	0
30,68	0
30,69	1
30,70	1
30,71	0
30,71	0
30,72	0
30,73	0
30,74	0
30,75	0
30,75	0
30,76	0
30,77	0
30,78	0
30,79	0
30,79	0
30,80	0
30,81	0
30,82	0
30,83	0
30,83	0
30,84	0
30,85	1
30,86	0
30,87	0
30,87	0
30,88	0
30,89	2
30,90	0
30,91	0
30,91	0
30,92	0
30,93	0
30,94	0
30,95	0
30,95	0
30,96	0
30,97	0
30,98	0
30,99	1
30,99	0
31,00	0
31,01	0
31,02	1
31,03	1
31,03	0
31,04	0
31,05	0
31,06	0
31,07	0
31,07	0
31,08	0
31,09	0
31,10	0
31,11	0
31,11	1
31,12	1
31,13	0
31,14	0
31,14	0
31,15	1
31,16	0
31,17	0
31,18	0
31,18	0
31,19	0
31,20	0
31,21	0
31,22	1
31,22	0
31,23	0
31,24	0
31,25	0
31,26	1
31,26	1
31,27	0
31,28	0
31,29	0
31,30	0
31,30	0
31,31	0
31,32	1
31,33	0
31,34	0
31,34	0
31,35	0
31,36	0
31,37	0
31,38	0
31,38	1
31,39	0
31,40	0
31,41	0
31,42	0
31,42	0
31,43	0
31,44	0
31,45	0
31,46	0
31,46	0
31,47	0
31,48	0
31,49	0
31,50	0
31,50	0
31,51	0
31,52	0
31,53	1
31,54	0
31,54	0
31,55	0
31,56	0
31,57	0
31,57	0
31,58	0
31,59	0
31,60	0
31,61	0
31,61	0
31,62	0
31,63	0
31,64	2
31,65	0
31,65	0
31,66	0
31,67	0
31,68	0
31,69	0
31,69	0
31,70	1
31,71	0
31,72	0
31,73	0
31,73	0
31,74	0
31,75	0
31,76	0
31,77	0
31,77	1
31,78	0
31,79	0
31,80	1
31,81	0
31,81	0
31,82	0
31,83	0
31,84	0
31,85	1
31,85	0
31,86	0
31,87	0
31,88	0
31,89	0
31,89	0
31,90	0
31,91	0
31,92	0
31,93	0
31,93	0
31,94	0
31,95	0
31,96	0
31,97	0
31,97	0
31,98	0
31,99	0
32,00	0
32,00	0
32,01	0
32,02	0
32,03	0
32,04	1
32,04	0
32,05	0
32,06	0
32,07	0
32,08	0
32,08	0
32,09	0
32,10	0
32,11	0
32,12	0
32,12	0
32,13	0
32,14	0
32,15	0
32,16	0
32,16	0
32,17	0
32,18	1
32,19	0
32,20	0
32,20	0
32,21	0
32,22	0
32,23	0
32,24	0
32,24	0
32,25	1
32,26	0
32,27	0
32,28	0
32,28	0
32,29	0
32,30	0
32,31	1
32,32	0
32,32	0
32,33	0
32,34	0
32,35	0
32,36	0
32,36	0
32,37	0
32,38	0
32,39	1
32,39	1
32,40	0
32,41	1
32,42	0
32,43	0
32,43	0
32,44	0
32,45	0
32,46	0
32,47	0
32,47	0
32,48	0
32,49	0
32,50	0
32,51	0
32,51	0
32,52	0
32,53	0
32,54	0
32,55	0
32,55	0
32,56	0
32,57	0
32,58	0
32,59	0
32,59	0
32,60	0
32,61	0
32,62	0
32,63	0
32,63	1
32,64	1
32,65	0
32,66	0
32,67	0
32,67	0
32,68	1
32,69	0
32,70	0
32,71	0
32,71	0
32,72	0
32,73	1
32,74	0
32,75	0
32,75	0
32,76	0
32,77	0
32,78	0
32,79	0
32,79	0
32,80	0
32,81	0
32,82	0
32,82	0
32,83	0
32,84	1
32,85	0
32,86	0
32,86	0
32,87	0
32,88	0
32,89	0
32,90	0
32,90	0
32,91	0
32,92	0
32,93	0
32,94	0
32,94	0
32,95	0
32,96	0
32,97	0
32,98	0
32,98	1
32,99	0
33,00	0
33,01	0
33,02	0
33,02	1
33,03	0
33,04	0
33,05	1
33,06	0
33,06	0
33,07	0
33,08	0
33,09	0
33,10	0
33,10	0
33,11	1
33,12	0
33,13	0
33,14	1
33,14	0
33,15	0
33,16	0
33,17	0
33,18	0
33,18	0
33,19	0
33,20	0
33,21	0
33,22	0
33,22	0
33,23	0
33,24	1
33,25	0
33,25	0
33,26	0
33,27	0
33,28	1
33,29	0
33,29	0
33,30	0
33,31	0
33,32	0
33,33	1
33,33	0
33,34	1
33,35	0
33,36	0
33,37	0
33,37	0
33,38	0
33,39	0
33,40	0
33,41	0
33,41	0
33,42	0
33,43	0
33,44	0
33,45	0
33,45	0
33,46	0
33,47	0
33,48	0
33,49	0
33,49	2
33,50	0
33,51	0
33,52	0
33,53	0
33,53	1
33,54	1
33,55	0
33,56	0
33,57	0
33,57	0
33,58	0
33,59	0
33,60	0
33,61	0
33,61	0
33,62	0
33,63	0
33,64	0
33,65	0
33,65	0
33,66	1
33,67	0
33,68	0
33,68	0
33,69	1
33,70	0
33,71	0
33,72	0
33,72	0
33,73	1
33,74	0
33,75	0
33,76	0
33,76	0
33,77	0
33,78	1
33,79	0
33,80	0
33,80	1
33,81	1
33,82	0
33,83	0
33,84	0
33,84	0
33,85	1
33,86	0
33,87	0
33,88	0
33,88	0
33,89	0
33,90	0
33,91	0
33,92	0
33,92	0
33,93	0
33,94	0
33,95	0
33,96	0
33,96	1
33,97	1
33,98	0
33,99	0
34,00	0
34,00	0
34,01	0
34,02	0
34,03	0
34,04	0
34,04	0
34,05	1
34,06	0
34,07	0
34,08	0
34,08	0
34,09	0
34,10	0
34,11	0
34,11	1
34,12	0
34,13	0
34,14	0
34,15	0
34,15	0
34,16	1
34,17	0
34,18	0
34,19	0
34,19	0
34,20	0
34,21	0
34,22	0
34,23	0
34,23	0
34,24	0
34,25	0
34,26	0
34,27	0
34,27	0
34,28	0
34,29	0
34,30	0
34,31	0
34,31	0
34,32	0
34,33	1
34,34	0
34,35	0
34,35	0
34,36	0
34,37	0
34,38	0
34,39	0
34,39	0
34,40	0
34,41	0
34,42	0
34,43	0
34,43	0
34,44	0
34,45	1
34,46	0
34,47	0
34,47	0
34,48	0
34,49	0
34,50	1
34,51	1
34,51	0
34,52	0
34,53	0
34,54	0
34,54	0
34,55	1
34,56	0
34,57	0
34,58	0
34,58	0
34,59	1
34,60	0
34,61	0
34,62	0
34,62	0
34,63	0
34,64	0
34,65	0
34,66	0
34,66	0
34,67	1
34,68	0
34,69	0
34,70	0
34,70	1
34,71	0
34,72	0
34,73	0
34,74	0
34,74	2
34,75	0
34,76	1
34,77	0
34,78	1
34,78	0
34,79	0
34,80	0
34,81	0
34,82	0
34,82	2
34,83	0
34,84	0
34,85	0
34,86	0
34,86	0
34,87	0
34,88	0
34,89	0
34,90	0
34,90	1
34,91	0
34,92	0
34,93	0
34,94	0
34,94	0
34,95	0
34,96	1
34,97	1
34,97	0
34,98	0
34,99	0
35,00	1
35,01	0
35,01	0
35,02	0
35,03	0
35,04	0
35,05	0
35,05	0
35,06	0
