Energie	Impulse
E/keV	Impulse/#

3,21	0
3,22	0
3,23	0
3,24	0
3,24	0
3,25	0
3,26	0
3,27	0
3,28	0
3,28	0
3,29	0
3,30	0
3,31	0
3,32	0
3,32	0
3,33	0
3,34	0
3,35	0
3,36	0
3,36	0
3,37	0
3,38	0
3,39	0
3,40	0
3,40	0
3,41	0
3,42	0
3,43	0
3,44	0
3,44	0
3,45	0
3,46	0
3,47	0
3,48	0
3,48	0
3,49	0
3,50	0
3,51	0
3,51	0
3,52	0
3,53	0
3,54	0
3,55	0
3,55	0
3,56	0
3,57	0
3,58	0
3,59	0
3,59	0
3,60	0
3,61	0
3,62	0
3,63	0
3,63	0
3,64	0
3,65	0
3,66	0
3,67	0
3,67	0
3,68	0
3,69	0
3,70	0
3,71	0
3,71	1
3,72	0
3,73	0
3,74	0
3,75	0
3,75	0
3,76	0
3,77	1
3,78	0
3,79	0
3,79	0
3,80	1
3,81	0
3,82	1
3,83	1
3,83	0
3,84	3
3,85	0
3,86	0
3,87	1
3,87	0
3,88	0
3,89	2
3,90	1
3,91	1
3,91	0
3,92	0
3,93	2
3,94	2
3,94	0
3,95	1
3,96	0
3,97	0
3,98	1
3,98	1
3,99	3
4,00	1
4,01	0
4,02	0
4,02	0
4,03	1
4,04	0
4,05	1
4,06	0
4,06	2
4,07	0
4,08	1
4,09	1
4,10	1
4,10	0
4,11	0
4,12	2
4,13	4
4,14	1
4,14	0
4,15	1
4,16	1
4,17	0
4,18	2
4,18	1
4,19	0
4,20	0
4,21	2
4,22	0
4,22	4
4,23	1
4,24	0
4,25	0
4,26	1
4,26	1
4,27	1
4,28	0
4,29	3
4,30	1
4,30	1
4,31	1
4,32	2
4,33	0
4,34	0
4,34	2
4,35	1
4,36	1
4,37	1
4,37	1
4,38	0
4,39	2
4,40	0
4,41	1
4,41	1
4,42	0
4,43	1
4,44	0
4,45	0
4,45	0
4,46	0
4,47	0
4,48	3
4,49	1
4,49	1
4,50	0
4,51	1
4,52	1
4,53	1
4,53	1
4,54	1
4,55	0
4,56	0
4,57	1
4,57	0
4,58	2
4,59	2
4,60	0
4,61	0
4,61	0
4,62	3
4,63	2
4,64	1
4,65	0
4,65	0
4,66	1
4,67	1
4,68	1
4,69	1
4,69	1
4,70	0
4,71	1
4,72	0
4,73	0
4,73	0
4,74	0
4,75	1
4,76	2
4,77	1
4,77	1
4,78	0
4,79	3
4,80	5
4,80	1
4,81	1
4,82	0
4,83	1
4,84	1
4,84	1
4,85	1
4,86	1
4,87	1
4,88	2
4,88	1
4,89	1
4,90	1
4,91	0
4,92	0
4,92	1
4,93	0
4,94	0
4,95	2
4,96	0
4,96	2
4,97	0
4,98	2
4,99	4
5,00	0
5,00	1
5,01	0
5,02	0
5,03	0
5,04	0
5,04	2
5,05	0
5,06	0
5,07	4
5,08	0
5,08	1
5,09	0
5,10	0
5,11	1
5,12	1
5,12	1
5,13	0
5,14	0
5,15	1
5,16	0
5,16	1
5,17	0
5,18	4
5,19	2
5,20	1
5,20	1
5,21	1
5,22	2
5,23	0
5,23	2
5,24	3
5,25	1
5,26	1
5,27	1
5,27	0
5,28	2
5,29	0
5,30	1
5,31	0
5,31	1
5,32	1
5,33	1
5,34	1
5,35	2
5,35	0
5,36	1
5,37	0
5,38	0
5,39	2
5,39	0
5,40	0
5,41	1
5,42	2
5,43	0
5,43	0
5,44	0
5,45	1
5,46	2
5,47	1
5,47	2
5,48	1
5,49	0
5,50	1
5,51	2
5,51	0
5,52	1
5,53	3
5,54	1
5,55	1
5,55	0
5,56	0
5,57	2
5,58	1
5,59	0
5,59	2
5,60	0
5,61	5
5,62	0
5,63	1
5,63	0
5,64	0
5,65	1
5,66	1
5,66	0
5,67	1
5,68	1
5,69	0
5,70	2
5,70	0
5,71	3
5,72	0
5,73	3
5,74	1
5,74	1
5,75	0
5,76	0
5,77	1
5,78	1
5,78	2
5,79	1
5,80	1
5,81	1
5,82	0
5,82	0
5,83	1
5,84	0
5,85	0
5,86	2
5,86	1
5,87	2
5,88	1
5,89	1
5,90	0
5,90	3
5,91	1
5,92	0
5,93	0
5,94	1
5,94	1
5,95	0
5,96	0
5,97	1
5,98	1
5,98	1
5,99	2
6,00	2
6,01	1
6,02	1
6,02	0
6,03	2
6,04	0
6,05	1
6,06	1
6,06	1
6,07	0
6,08	0
6,09	1
6,09	0
6,10	0
6,11	1
6,12	1
6,13	0
6,13	0
6,14	0
6,15	0
6,16	2
6,17	1
6,17	1
6,18	1
6,19	0
6,20	0
6,21	1
6,21	2
6,22	2
6,23	0
6,24	1
6,25	1
6,25	0
6,26	0
6,27	0
6,28	1
6,29	2
6,29	1
6,30	1
6,31	0
6,32	0
6,33	0
6,33	1
6,34	1
6,35	0
6,36	3
6,37	1
6,37	0
6,38	0
6,39	1
6,40	2
6,41	0
6,41	1
6,42	0
6,43	2
6,44	0
6,45	2
6,45	2
6,46	0
6,47	1
6,48	1
6,49	0
6,49	2
6,50	0
6,51	2
6,52	0
6,52	0
6,53	1
6,54	3
6,55	2
6,56	1
6,56	0
6,57	2
6,58	0
6,59	2
6,60	0
6,60	1
6,61	1
6,62	1
6,63	3
6,64	1
6,64	0
6,65	0
6,66	2
6,67	1
6,68	1
6,68	0
6,69	1
6,70	2
6,71	0
6,72	0
6,72	1
6,73	1
6,74	1
6,75	3
6,76	1
6,76	0
6,77	3
6,78	0
6,79	0
6,80	1
6,80	2
6,81	0
6,82	1
6,83	1
6,84	1
6,84	0
6,85	1
6,86	1
6,87	1
6,88	1
6,88	0
6,89	2
6,90	3
6,91	0
6,91	1
6,92	0
6,93	0
6,94	0
6,95	0
6,95	0
6,96	1
6,97	0
6,98	2
6,99	0
6,99	0
7,00	1
7,01	0
7,02	1
7,03	1
7,03	1
7,04	0
7,05	0
7,06	0
7,07	1
7,07	1
7,08	0
7,09	2
7,10	0
7,11	0
7,11	2
7,12	0
7,13	3
7,14	1
7,15	1
7,15	2
7,16	0
7,17	0
7,18	3
7,19	0
7,19	0
7,20	0
7,21	2
7,22	0
7,23	1
7,23	2
7,24	0
7,25	1
7,26	2
7,27	1
7,27	1
7,28	2
7,29	1
7,30	0
7,31	0
7,31	3
7,32	0
7,33	0
7,34	0
7,34	1
7,35	0
7,36	2
7,37	1
7,38	1
7,38	1
7,39	1
7,40	0
7,41	0
7,42	0
7,42	1
7,43	0
7,44	0
7,45	2
7,46	1
7,46	0
7,47	1
7,48	0
7,49	1
7,50	1
7,50	0
7,51	1
7,52	1
7,53	0
7,54	4
7,54	0
7,55	1
7,56	3
7,57	0
7,58	2
7,58	1
7,59	2
7,60	0
7,61	0
7,62	1
7,62	1
7,63	0
7,64	0
7,65	1
7,66	0
7,66	0
7,67	2
7,68	0
7,69	0
7,70	1
7,70	0
7,71	1
7,72	0
7,73	0
7,74	1
7,74	1
7,75	0
7,76	0
7,77	0
7,77	0
7,78	0
7,79	1
7,80	0
7,81	0
7,81	1
7,82	1
7,83	2
7,84	0
7,85	0
7,85	2
7,86	0
7,87	3
7,88	0
7,89	0
7,89	1
7,90	2
7,91	1
7,92	1
7,93	1
7,93	0
7,94	2
7,95	0
7,96	0
7,97	2
7,97	0
7,98	1
7,99	1
8,00	3
8,01	1
8,01	1
8,02	0
8,03	0
8,04	0
8,05	3
8,05	1
8,06	1
8,07	1
8,08	1
8,09	0
8,09	0
8,10	2
8,11	1
8,12	0
8,13	2
8,13	2
8,14	0
8,15	1
8,16	0
8,17	0
8,17	1
8,18	0
8,19	1
8,20	1
8,20	0
8,21	0
8,22	0
8,23	0
8,24	0
8,24	0
8,25	0
8,26	2
8,27	2
8,28	0
8,28	0
8,29	2
8,30	4
8,31	0
8,32	4
8,32	0
8,33	0
8,34	1
8,35	0
8,36	0
8,36	1
8,37	1
8,38	3
8,39	1
8,40	2
8,40	0
8,41	0
8,42	1
8,43	2
8,44	1
8,44	0
8,45	2
8,46	2
8,47	0
8,48	0
8,48	1
8,49	0
8,50	0
8,51	0
8,52	2
8,52	1
8,53	0
8,54	2
8,55	1
8,56	2
8,56	0
8,57	2
8,58	2
8,59	0
8,60	1
8,60	1
8,61	4
8,62	2
8,63	1
8,63	1
8,64	0
8,65	0
8,66	1
8,67	1
8,67	3
8,68	1
8,69	1
8,70	0
8,71	0
8,71	2
8,72	2
8,73	0
8,74	3
8,75	1
8,75	1
8,76	2
8,77	0
8,78	2
8,79	0
8,79	1
8,80	0
8,81	1
8,82	0
8,83	1
8,83	0
8,84	0
8,85	1
8,86	0
8,87	0
8,87	0
8,88	3
8,89	3
8,90	0
8,91	0
8,91	0
8,92	0
8,93	0
8,94	0
8,95	1
8,95	2
8,96	0
8,97	2
8,98	1
8,99	4
8,99	1
9,00	4
9,01	0
9,02	1
9,03	1
9,03	2
9,04	1
9,05	0
9,06	1
9,06	0
9,07	0
9,08	0
9,09	1
9,10	0
9,10	1
9,11	0
9,12	1
9,13	0
9,14	2
9,14	3
9,15	3
9,16	1
9,17	0
9,18	0
9,18	1
9,19	0
9,20	0
9,21	0
9,22	1
9,22	1
9,23	0
9,24	1
9,25	3
9,26	0
9,26	0
9,27	0
9,28	1
9,29	1
9,30	1
9,30	1
9,31	0
9,32	3
9,33	0
9,34	1
9,34	2
9,35	2
9,36	3
9,37	1
9,38	0
9,38	0
9,39	1
9,40	0
9,41	1
9,42	0
9,42	0
9,43	0
9,44	0
9,45	0
9,46	2
9,46	0
9,47	0
9,48	0
9,49	0
9,49	1
9,50	0
9,51	0
9,52	1
9,53	0
9,53	0
9,54	0
9,55	0
9,56	0
9,57	2
9,57	0
9,58	2
9,59	0
9,60	1
9,61	1
9,61	2
9,62	2
9,63	2
9,64	0
9,65	1
9,65	0
9,66	1
9,67	0
9,68	2
9,69	1
9,69	2
9,70	0
9,71	0
9,72	0
9,73	1
9,73	1
9,74	0
9,75	1
9,76	0
9,77	1
9,77	0
9,78	1
9,79	2
9,80	0
9,81	1
9,81	0
9,82	3
9,83	1
9,84	1
9,85	2
9,85	0
9,86	2
9,87	1
9,88	0
9,88	1
9,89	1
9,90	0
9,91	2
9,92	0
9,92	0
9,93	3
9,94	0
9,95	0
9,96	0
9,96	0
9,97	0
9,98	1
9,99	2
10,00	0
10,00	1
10,01	2
10,02	0
10,03	1
10,04	0
10,04	0
10,05	1
10,06	1
10,07	0
10,08	2
10,08	1
10,09	0
10,10	0
10,11	0
10,12	2
10,12	3
10,13	3
10,14	0
10,15	0
10,16	1
10,16	1
10,17	0
10,18	0
10,19	0
10,20	2
10,20	0
10,21	0
10,22	2
10,23	2
10,24	0
10,24	0
10,25	2
10,26	0
10,27	1
10,28	0
10,28	0
10,29	0
10,30	1
10,31	0
10,31	0
10,32	0
10,33	0
10,34	2
10,35	1
10,35	0
10,36	0
10,37	1
10,38	2
10,39	0
10,39	0
10,40	1
10,41	0
10,42	0
10,43	1
10,43	0
10,44	2
10,45	0
10,46	1
10,47	0
10,47	1
10,48	0
10,49	0
10,50	1
10,51	0
10,51	1
10,52	1
10,53	1
10,54	0
10,55	0
10,55	0
10,56	0
10,57	1
10,58	0
10,59	0
10,59	0
10,60	2
10,61	0
10,62	2
10,63	0
10,63	1
10,64	0
10,65	3
10,66	0
10,67	1
10,67	2
10,68	0
10,69	0
10,70	1
10,71	1
10,71	0
10,72	0
10,73	0
10,74	0
10,74	1
10,75	1
10,76	2
10,77	0
10,78	0
10,78	1
10,79	1
10,80	0
10,81	1
10,82	1
10,82	0
10,83	4
10,84	0
10,85	0
10,86	0
10,86	1
10,87	2
10,88	1
10,89	2
10,90	0
10,90	2
10,91	1
10,92	2
10,93	0
10,94	0
10,94	0
10,95	0
10,96	1
10,97	0
10,98	0
10,98	0
10,99	1
11,00	0
11,01	1
11,02	1
11,02	0
11,03	0
11,04	1
11,05	0
11,06	1
11,06	0
11,07	0
11,08	0
11,09	0
11,10	0
11,10	0
11,11	3
11,12	1
11,13	1
11,14	1
11,14	1
11,15	0
11,16	0
11,17	0
11,17	1
11,18	1
11,19	2
11,20	0
11,21	4
11,21	0
11,22	1
11,23	0
11,24	1
11,25	0
11,25	0
11,26	0
11,27	2
11,28	0
11,29	0
11,29	1
11,30	0
11,31	1
11,32	1
11,33	1
11,33	1
11,34	0
11,35	2
11,36	0
11,37	1
11,37	2
11,38	1
11,39	2
11,40	1
11,41	0
11,41	3
11,42	1
11,43	1
11,44	0
11,45	0
11,45	1
11,46	1
11,47	2
11,48	0
11,49	0
11,49	3
11,50	4
11,51	1
11,52	2
11,53	1
11,53	0
11,54	1
11,55	1
11,56	3
11,57	1
11,57	0
11,58	0
11,59	0
11,60	0
11,60	1
11,61	1
11,62	1
11,63	2
11,64	2
11,64	0
11,65	2
11,66	0
11,67	0
11,68	2
11,68	1
11,69	1
11,70	1
11,71	1
11,72	1
11,72	1
11,73	2
11,74	2
11,75	0
11,76	0
11,76	0
11,77	0
11,78	4
11,79	2
11,80	0
11,80	0
11,81	0
11,82	1
11,83	3
11,84	1
11,84	2
11,85	0
11,86	2
11,87	1
11,88	0
11,88	0
11,89	1
11,90	0
11,91	1
11,92	0
11,92	1
11,93	0
11,94	2
11,95	1
11,96	0
11,96	0
11,97	0
11,98	1
11,99	1
12,00	1
12,00	1
12,01	0
12,02	0
12,03	1
12,03	1
12,04	0
12,05	1
12,06	1
12,07	2
12,07	1
12,08	0
12,09	3
12,10	0
12,11	1
12,11	1
12,12	3
12,13	0
12,14	0
12,15	0
12,15	1
12,16	0
12,17	3
12,18	0
12,19	1
12,19	0
12,20	0
12,21	0
12,22	0
12,23	1
12,23	3
12,24	1
12,25	0
12,26	3
12,27	0
12,27	1
12,28	0
12,29	1
12,30	0
12,31	0
12,31	2
12,32	0
12,33	4
12,34	0
12,35	0
12,35	3
12,36	1
12,37	0
12,38	2
12,39	1
12,39	0
12,40	0
12,41	2
12,42	1
12,43	1
12,43	3
12,44	1
12,45	1
12,46	0
12,46	1
12,47	2
12,48	2
12,49	1
12,50	1
12,50	0
12,51	0
12,52	1
12,53	2
12,54	2
12,54	0
12,55	1
12,56	0
12,57	0
12,58	0
12,58	0
12,59	0
12,60	0
12,61	0
12,62	2
12,62	2
12,63	2
12,64	2
12,65	0
12,66	1
12,66	1
12,67	4
12,68	0
12,69	1
12,70	2
12,70	0
12,71	0
12,72	3
12,73	0
12,74	1
12,74	2
12,75	1
12,76	1
12,77	0
12,78	3
12,78	0
12,79	0
12,80	1
12,81	0
12,82	1
12,82	2
12,83	1
12,84	4
12,85	0
12,85	2
12,86	0
12,87	1
12,88	2
12,89	0
12,89	0
12,90	0
12,91	0
12,92	0
12,93	0
12,93	1
12,94	0
12,95	2
12,96	2
12,97	1
12,97	2
12,98	1
12,99	2
13,00	0
13,01	0
13,01	0
13,02	2
13,03	0
13,04	2
13,05	3
13,05	3
13,06	1
13,07	1
13,08	0
13,09	2
13,09	2
13,10	0
13,11	1
13,12	0
13,13	1
13,13	1
13,14	0
13,15	0
13,16	2
13,17	3
13,17	0
13,18	0
13,19	1
13,20	2
13,21	0
13,21	1
13,22	0
13,23	1
13,24	2
13,25	1
13,25	0
13,26	0
13,27	0
13,28	0
13,28	0
13,29	1
13,30	2
13,31	2
13,32	0
13,32	0
13,33	0
13,34	1
13,35	2
13,36	0
13,36	2
13,37	1
13,38	1
13,39	1
13,40	3
13,40	1
13,41	1
13,42	2
13,43	1
13,44	1
13,44	0
13,45	0
13,46	1
13,47	0
13,48	3
13,48	0
13,49	0
13,50	1
13,51	1
13,52	0
13,52	1
13,53	1
13,54	2
13,55	2
13,56	2
13,56	0
13,57	3
13,58	0
13,59	1
13,60	0
13,60	0
13,61	0
13,62	4
13,63	1
13,64	0
13,64	1
13,65	0
13,66	0
13,67	1
13,68	2
13,68	0
13,69	1
13,70	3
13,71	0
13,71	2
13,72	2
13,73	0
13,74	1
13,75	1
13,75	1
13,76	1
13,77	0
13,78	3
13,79	3
13,79	0
13,80	2
13,81	1
13,82	3
13,83	2
13,83	2
13,84	1
13,85	0
13,86	1
13,87	0
13,87	1
13,88	1
13,89	1
13,90	4
13,91	3
13,91	2
13,92	2
13,93	0
13,94	0
13,95	1
13,95	1
13,96	1
13,97	0
13,98	2
13,99	2
13,99	1
14,00	1
14,01	3
14,02	3
14,03	4
14,03	0
14,04	0
14,05	0
14,06	0
14,07	1
14,07	1
14,08	2
14,09	1
14,10	3
14,11	1
14,11	1
14,12	0
14,13	0
14,14	0
14,14	3
14,15	3
14,16	2
14,17	0
14,18	0
14,18	1
14,19	1
14,20	0
14,21	3
14,22	2
14,22	0
14,23	1
14,24	1
14,25	3
14,26	0
14,26	2
14,27	1
14,28	1
14,29	0
14,30	1
14,30	2
14,31	0
14,32	1
14,33	1
14,34	1
14,34	2
14,35	0
14,36	0
14,37	2
14,38	0
14,38	2
14,39	4
14,40	3
14,41	3
14,42	1
14,42	2
14,43	0
14,44	0
14,45	1
14,46	3
14,46	1
14,47	2
14,48	0
14,49	2
14,50	1
14,50	0
14,51	1
14,52	1
14,53	0
14,54	2
14,54	2
14,55	2
14,56	1
14,57	3
14,57	1
14,58	1
14,59	0
14,60	1
14,61	1
14,61	2
14,62	2
14,63	3
14,64	2
14,65	0
14,65	0
14,66	2
14,67	1
14,68	0
14,69	2
14,69	5
14,70	1
14,71	3
14,72	2
14,73	0
14,73	0
14,74	0
14,75	4
14,76	1
14,77	1
14,77	3
14,78	1
14,79	2
14,80	2
14,81	1
14,81	1
14,82	0
14,83	5
14,84	1
14,85	3
14,85	1
14,86	0
14,87	3
14,88	4
14,89	1
14,89	3
14,90	2
14,91	4
14,92	4
14,93	0
14,93	2
14,94	0
14,95	1
14,96	1
14,97	4
14,97	1
14,98	3
14,99	0
15,00	0
15,00	1
15,01	0
15,02	2
15,03	9
15,04	2
15,04	0
15,05	8
15,06	0
15,07	1
15,08	2
15,08	1
15,09	0
15,10	0
15,11	2
15,12	1
15,12	2
15,13	2
15,14	0
15,15	3
15,16	2
15,16	1
15,17	1
15,18	3
15,19	1
15,20	0
15,20	3
15,21	0
15,22	1
15,23	2
15,24	3
15,24	0
15,25	1
15,26	2
15,27	1
15,28	2
15,28	5
15,29	3
15,30	2
15,31	2
15,32	1
15,32	0
15,33	1
15,34	2
15,35	2
15,36	4
15,36	0
15,37	4
15,38	3
15,39	2
15,40	5
15,40	1
15,41	0
15,42	4
15,43	1
15,43	2
15,44	1
15,45	0
15,46	2
15,47	5
15,47	3
15,48	2
15,49	1
15,50	1
15,51	1
15,51	3
15,52	3
15,53	1
15,54	6
15,55	4
15,55	4
15,56	4
15,57	2
15,58	5
15,59	5
15,59	2
15,60	4
15,61	1
15,62	1
15,63	0
15,63	4
15,64	1
15,65	1
15,66	4
15,67	2
15,67	1
15,68	1
15,69	1
15,70	3
15,71	2
15,71	3
15,72	2
15,73	1
15,74	2
15,75	3
15,75	4
15,76	3
15,77	1
15,78	3
15,79	4
15,79	4
15,80	4
15,81	2
15,82	2
15,83	3
15,83	0
15,84	3
15,85	3
15,86	5
15,86	1
15,87	1
15,88	2
15,89	1
15,90	3
15,90	2
15,91	4
15,92	4
15,93	3
15,94	2
15,94	3
15,95	0
15,96	3
15,97	3
15,98	2
15,98	2
15,99	3
16,00	1
16,01	4
16,02	0
16,02	5
16,03	3
16,04	3
16,05	2
16,06	3
16,06	2
16,07	1
16,08	3
16,09	1
16,10	2
16,10	6
16,11	2
16,12	1
16,13	3
16,14	5
16,14	3
16,15	3
16,16	1
16,17	3
16,18	2
16,18	3
16,19	4
16,20	1
16,21	3
16,22	1
16,22	4
16,23	3
16,24	2
16,25	3
16,25	5
16,26	3
16,27	2
16,28	1
16,29	4
16,29	3
16,30	4
16,31	1
16,32	3
16,33	4
16,33	3
16,34	6
16,35	4
16,36	5
16,37	4
16,37	3
16,38	5
16,39	1
16,40	2
16,41	2
16,41	5
16,42	6
16,43	5
16,44	6
16,45	5
16,45	4
16,46	1
16,47	4
16,48	1
16,49	2
16,49	2
16,50	2
16,51	4
16,52	6
16,53	3
16,53	1
16,54	2
16,55	5
16,56	5
16,57	6
16,57	4
16,58	4
16,59	1
16,60	4
16,61	4
16,61	3
16,62	7
16,63	3
16,64	3
16,65	2
16,65	5
16,66	1
16,67	3
16,68	3
16,68	1
16,69	3
16,70	1
16,71	3
16,72	4
16,72	2
16,73	0
16,74	8
16,75	4
16,76	3
16,76	5
16,77	1
16,78	2
16,79	2
16,80	0
16,80	1
16,81	2
16,82	3
16,83	2
16,84	3
16,84	4
16,85	1
16,86	4
16,87	3
16,88	4
16,88	2
16,89	4
16,90	2
16,91	5
16,92	6
16,92	4
16,93	3
16,94	2
16,95	5
16,96	3
16,96	3
16,97	2
16,98	1
16,99	4
17,00	1
17,00	8
17,01	5
17,02	5
17,03	0
17,04	3
17,04	5
17,05	3
17,06	2
17,07	1
17,08	5
17,08	1
17,09	6
17,10	5
17,11	1
17,11	4
17,12	2
17,13	2
17,14	0
17,15	5
17,15	5
17,16	5
17,17	8
17,18	3
17,19	1
17,19	9
17,20	2
17,21	0
17,22	2
17,23	5
17,23	0
17,24	2
17,25	3
17,26	1
17,27	1
17,27	7
17,28	3
17,29	3
17,30	0
17,31	4
17,31	2
17,32	5
17,33	1
17,34	2
17,35	2
17,35	1
17,36	0
17,37	3
17,38	0
17,39	5
17,39	0
17,40	2
17,41	3
17,42	4
17,43	3
17,43	4
17,44	2
17,45	7
17,46	3
17,47	1
17,47	7
17,48	4
17,49	5
17,50	5
17,51	4
17,51	6
17,52	4
17,53	4
17,54	3
17,54	4
17,55	5
17,56	6
17,57	3
17,58	3
17,58	5
17,59	3
17,60	5
17,61	2
17,62	1
17,62	8
17,63	6
17,64	5
17,65	4
17,66	6
17,66	4
17,67	5
17,68	5
17,69	1
17,70	4
17,70	2
17,71	3
17,72	3
17,73	4
17,74	2
17,74	4
17,75	5
17,76	5
17,77	7
17,78	3
17,78	3
17,79	4
17,80	5
17,81	10
17,82	1
17,82	5
17,83	3
17,84	5
17,85	2
17,86	1
17,86	7
17,87	7
17,88	3
17,89	4
17,90	5
17,90	4
17,91	4
17,92	3
17,93	3
17,94	4
17,94	9
17,95	4
17,96	2
17,97	8
17,97	3
17,98	4
17,99	3
18,00	2
18,01	8
18,01	8
18,02	6
18,03	4
18,04	2
18,05	2
18,05	3
18,06	6
18,07	3
18,08	5
18,09	9
18,09	3
18,10	7
18,11	3
18,12	5
18,13	2
18,13	1
18,14	6
18,15	5
18,16	3
18,17	9
18,17	8
18,18	4
18,19	7
18,20	1
18,21	7
18,21	9
18,22	4
18,23	8
18,24	5
18,25	7
18,25	6
18,26	8
18,27	5
18,28	6
18,29	5
18,29	7
18,30	5
18,31	7
18,32	4
18,33	4
18,33	6
18,34	10
18,35	9
18,36	4
18,37	2
18,37	1
18,38	5
18,39	5
18,40	4
18,40	6
18,41	5
18,42	8
18,43	10
18,44	5
18,44	6
18,45	7
18,46	8
18,47	9
18,48	7
18,48	7
18,49	6
18,50	9
18,51	10
18,52	5
18,52	7
18,53	9
18,54	5
18,55	8
18,56	5
18,56	5
18,57	10
18,58	6
18,59	7
18,60	2
18,60	8
18,61	8
18,62	7
18,63	12
18,64	10
18,64	8
18,65	13
18,66	9
18,67	6
18,68	16
18,68	3
18,69	14
18,70	11
18,71	7
18,72	14
18,72	8
18,73	11
18,74	9
18,75	9
18,76	10
18,76	11
18,77	14
18,78	4
18,79	9
18,80	10
18,80	9
18,81	9
18,82	8
18,83	9
18,83	7
18,84	9
18,85	13
18,86	7
18,87	11
18,87	6
18,88	9
18,89	13
18,90	13
18,91	9
18,91	9
18,92	12
18,93	16
18,94	13
18,95	8
18,95	17
18,96	9
18,97	20
18,98	18
18,99	9
18,99	10
19,00	15
19,01	10
19,02	15
19,03	13
19,03	17
19,04	21
19,05	14
19,06	17
19,07	7
19,07	9
19,08	19
19,09	16
19,10	13
19,11	16
19,11	16
19,12	13
19,13	13
19,14	9
19,15	9
19,15	17
19,16	14
19,17	19
19,18	12
19,19	17
19,19	10
19,20	16
19,21	23
19,22	7
19,23	21
19,23	16
19,24	13
19,25	9
19,26	11
19,26	10
19,27	15
19,28	18
19,29	11
19,30	22
19,30	12
19,31	15
19,32	12
19,33	12
19,34	21
19,34	20
19,35	8
19,36	20
19,37	17
19,38	19
19,38	26
19,39	14
19,40	20
19,41	19
19,42	23
19,42	20
19,43	11
19,44	13
19,45	20
19,46	11
19,46	20
19,47	13
19,48	21
19,49	17
19,50	17
19,50	21
19,51	12
19,52	14
19,53	11
19,54	19
19,54	24
19,55	21
19,56	12
19,57	16
19,58	19
19,58	13
19,59	15
19,60	13
19,61	17
19,62	23
19,62	25
19,63	19
19,64	23
19,65	9
19,65	20
19,66	24
19,67	24
19,68	14
19,69	16
19,69	24
19,70	11
19,71	13
19,72	28
19,73	13
19,73	19
19,74	13
19,75	24
19,76	23
19,77	18
19,77	18
19,78	18
19,79	18
19,80	18
19,81	26
19,81	13
19,82	22
19,83	26
19,84	19
19,85	25
19,85	19
19,86	22
19,87	26
19,88	16
19,89	23
19,89	14
19,90	17
19,91	22
19,92	27
19,93	33
19,93	22
19,94	22
19,95	32
19,96	25
19,97	25
19,97	31
19,98	15
19,99	24
20,00	26
20,01	28
20,01	15
20,02	18
20,03	21
20,04	23
20,05	19
20,05	24
20,06	27
20,07	16
20,08	29
20,08	23
20,09	26
20,10	29
20,11	34
20,12	29
20,12	28
20,13	25
20,14	27
20,15	25
20,16	18
20,16	18
20,17	22
20,18	27
20,19	39
20,20	19
20,20	37
20,21	22
20,22	31
20,23	42
20,24	22
20,24	36
20,25	28
20,26	28
20,27	26
20,28	26
20,28	38
20,29	29
20,30	24
20,31	25
20,32	30
20,32	16
20,33	38
20,34	20
20,35	24
20,36	31
20,36	21
20,37	30
20,38	32
20,39	27
20,40	35
20,40	24
20,41	22
20,42	28
20,43	30
20,44	42
20,44	21
20,45	24
20,46	41
20,47	29
20,48	29
20,48	46
20,49	18
20,50	33
20,51	30
20,51	35
20,52	35
20,53	26
20,54	39
20,55	35
20,55	23
20,56	19
20,57	39
20,58	16
20,59	49
20,59	19
20,60	39
20,61	55
20,62	32
20,63	19
20,63	41
20,64	40
20,65	32
20,66	35
20,67	36
20,67	30
20,68	40
20,69	37
20,70	33
20,71	27
20,71	35
20,72	21
20,73	35
20,74	42
20,75	25
20,75	49
20,76	29
20,77	25
20,78	27
20,79	40
20,79	29
20,80	32
20,81	38
20,82	33
20,83	41
20,83	32
20,84	44
20,85	26
20,86	27
20,87	29
20,87	24
20,88	31
20,89	43
20,90	29
20,91	38
20,91	24
20,92	28
20,93	34
20,94	41
20,94	28
20,95	33
20,96	29
20,97	34
20,98	27
20,98	30
20,99	34
21,00	18
21,01	33
21,02	41
21,02	32
21,03	27
21,04	26
21,05	36
21,06	36
21,06	30
21,07	26
21,08	25
21,09	25
21,10	43
21,10	23
21,11	31
21,12	43
21,13	23
21,14	28
21,14	37
21,15	26
21,16	26
21,17	23
21,18	31
21,18	25
21,19	27
21,20	32
21,21	27
21,22	20
21,22	30
21,23	20
21,24	31
21,25	35
21,26	24
21,26	38
21,27	30
21,28	24
21,29	27
21,30	26
21,30	25
21,31	28
21,32	24
21,33	32
21,34	23
21,34	17
21,35	30
21,36	15
21,37	21
21,37	29
21,38	18
21,39	23
21,40	30
21,41	21
21,41	26
21,42	16
21,43	18
21,44	27
21,45	25
21,45	17
21,46	22
21,47	17
21,48	19
21,49	22
21,49	17
21,50	26
21,51	15
21,52	23
21,53	23
21,53	24
21,54	22
21,55	17
21,56	22
21,57	17
21,57	23
21,58	11
21,59	16
21,60	23
21,61	18
21,61	19
21,62	26
21,63	22
21,64	19
21,65	13
21,65	15
21,66	15
21,67	21
21,68	10
21,69	16
21,69	13
21,70	24
21,71	33
21,72	12
21,73	15
21,73	20
21,74	6
21,75	12
21,76	23
21,77	15
21,77	21
21,78	16
21,79	19
21,80	15
21,80	9
21,81	17
21,82	15
21,83	14
21,84	13
21,84	12
21,85	12
21,86	16
21,87	13
21,88	15
21,88	11
21,89	10
21,90	11
21,91	13
21,92	16
21,92	9
21,93	4
21,94	17
21,95	14
21,96	15
21,96	13
21,97	13
21,98	9
21,99	15
22,00	8
22,00	10
22,01	18
22,02	15
22,03	12
22,04	11
22,04	8
22,05	10
22,06	10
22,07	7
22,08	15
22,08	11
22,09	7
22,10	13
22,11	2
22,12	10
22,12	10
22,13	8
22,14	11
22,15	9
22,16	4
22,16	10
22,17	5
22,18	4
22,19	2
22,20	7
22,20	9
22,21	8
22,22	10
22,23	8
22,23	8
22,24	13
22,25	7
22,26	4
22,27	9
22,27	8
22,28	5
22,29	7
22,30	6
22,31	11
22,31	5
22,32	10
22,33	8
22,34	7
22,35	11
22,35	8
22,36	4
22,37	9
22,38	5
22,39	11
22,39	6
22,40	6
22,41	6
22,42	8
22,43	10
22,43	10
22,44	7
22,45	7
22,46	3
22,47	6
22,47	6
22,48	10
22,49	3
22,50	5
22,51	4
22,51	6
22,52	6
22,53	6
22,54	9
22,55	5
22,55	8
22,56	5
22,57	4
22,58	9
22,59	10
22,59	6
22,60	3
22,61	11
22,62	6
22,62	5
22,63	3
22,64	5
22,65	7
22,66	7
22,66	6
22,67	8
22,68	10
22,69	6
22,70	6
22,70	5
22,71	10
22,72	6
22,73	8
22,74	9
22,74	6
22,75	12
22,76	4
22,77	7
22,78	10
22,78	3
22,79	14
22,80	7
22,81	6
22,82	7
22,82	4
22,83	6
22,84	6
22,85	9
22,86	4
22,86	8
22,87	3
22,88	12
22,89	5
22,90	5
22,90	8
22,91	3
22,92	7
22,93	14
22,94	8
22,94	7
22,95	8
22,96	11
22,97	6
22,98	14
22,98	13
22,99	11
23,00	11
23,01	18
23,02	4
23,02	7
23,03	8
23,04	6
23,05	8
23,05	7
23,06	3
23,07	11
23,08	7
23,09	6
23,09	9
23,10	5
23,11	11
23,12	13
23,13	12
23,13	8
23,14	8
23,15	7
23,16	9
23,17	10
23,17	14
23,18	10
23,19	11
23,20	8
23,21	4
23,21	7
23,22	5
23,23	10
23,24	11
23,25	4
23,25	6
23,26	10
23,27	12
23,28	14
23,29	14
23,29	10
23,30	14
23,31	15
23,32	13
23,33	14
23,33	19
23,34	10
23,35	11
23,36	8
23,37	10
23,37	14
23,38	11
23,39	11
23,40	5
23,41	12
23,41	13
23,42	11
23,43	10
23,44	15
23,45	12
23,45	13
23,46	12
23,47	18
23,48	12
23,48	9
23,49	11
23,50	15
23,51	9
23,52	21
23,52	11
23,53	7
23,54	21
23,55	16
23,56	19
23,56	12
23,57	22
23,58	11
23,59	9
23,60	18
23,60	15
23,61	13
23,62	10
23,63	17
23,64	13
23,64	20
23,65	12
23,66	18
23,67	22
23,68	10
23,68	13
23,69	14
23,70	17
23,71	20
23,72	12
23,72	12
23,73	19
23,74	14
23,75	19
23,76	11
23,76	9
23,77	18
23,78	7
23,79	7
23,80	12
23,80	9
23,81	13
23,82	13
23,83	11
23,84	16
23,84	11
23,85	18
23,86	18
23,87	22
23,88	11
23,88	18
23,89	12
23,90	25
23,91	17
23,91	13
23,92	18
23,93	14
23,94	18
23,95	19
23,95	24
23,96	13
23,97	16
23,98	24
23,99	15
23,99	16
24,00	22
24,01	15
24,02	13
24,03	29
24,03	17
24,04	17
24,05	21
24,06	14
24,07	28
24,07	21
24,08	18
24,09	11
24,10	19
24,11	26
24,11	18
24,12	21
24,13	12
24,14	25
24,15	15
24,15	28
24,16	13
24,17	24
24,18	20
24,19	14
24,19	17
24,20	25
24,21	27
24,22	17
24,23	31
24,23	14
24,24	20
24,25	30
24,26	24
24,27	23
24,27	22
24,28	21
24,29	20
24,30	24
24,31	25
24,31	13
24,32	35
24,33	28
24,34	28
24,34	35
24,35	16
24,36	35
24,37	18
24,38	36
24,38	12
24,39	32
24,40	20
24,41	36
24,42	27
24,42	24
24,43	22
24,44	21
24,45	27
24,46	37
24,46	25
24,47	24
24,48	23
24,49	19
24,50	19
24,50	21
24,51	31
24,52	31
24,53	18
24,54	37
24,54	15
24,55	20
24,56	24
24,57	18
24,58	24
24,58	32
24,59	22
24,60	31
24,61	24
24,62	20
24,62	20
24,63	29
24,64	20
24,65	45
24,66	22
24,66	25
24,67	28
24,68	30
24,69	38
24,70	19
24,70	20
24,71	30
24,72	21
24,73	20
24,74	17
24,74	38
24,75	22
24,76	35
24,77	28
24,77	39
24,78	31
24,79	33
24,80	22
24,81	28
24,81	33
24,82	26
24,83	26
24,84	31
24,85	28
24,85	29
24,86	26
24,87	26
24,88	24
24,89	27
24,89	28
24,90	41
24,91	26
24,92	26
24,93	19
24,93	31
24,94	41
24,95	18
24,96	21
24,97	28
24,97	26
24,98	26
24,99	13
25,00	20
25,01	27
25,01	25
25,02	45
25,03	26
25,04	22
25,05	32
25,05	21
25,06	27
25,07	35
25,08	33
25,09	27
25,09	22
25,10	32
25,11	41
25,12	17
25,13	29
25,13	19
25,14	26
25,15	18
25,16	31
25,17	20
25,17	31
25,18	13
25,19	23
25,20	32
25,20	19
25,21	23
25,22	29
25,23	30
25,24	27
25,24	22
25,25	19
25,26	23
25,27	23
25,28	26
25,28	34
25,29	21
25,30	28
25,31	18
25,32	28
25,32	22
25,33	20
25,34	23
25,35	30
25,36	22
25,36	28
25,37	28
25,38	12
25,39	16
25,40	27
25,40	15
25,41	24
25,42	19
25,43	27
25,44	21
25,44	14
25,45	17
25,46	14
25,47	18
25,48	27
25,48	24
25,49	26
25,50	13
25,51	18
25,52	25
25,52	19
25,53	15
25,54	18
25,55	14
25,56	21
25,56	12
25,57	9
25,58	18
25,59	15
25,59	13
25,60	25
25,61	17
25,62	20
25,63	14
25,63	18
25,64	14
25,65	13
25,66	11
25,67	20
25,67	17
25,68	21
25,69	14
25,70	14
25,71	19
25,71	13
25,72	13
25,73	10
25,74	20
25,75	15
25,75	15
25,76	18
25,77	17
25,78	19
25,79	13
25,79	8
25,80	9
25,81	20
25,82	7
25,83	9
25,83	11
25,84	14
25,85	17
25,86	9
25,87	12
25,87	17
25,88	8
25,89	8
25,90	13
25,91	7
25,91	11
25,92	13
25,93	8
25,94	13
25,95	5
25,95	7
25,96	16
25,97	10
25,98	6
25,99	13
25,99	3
26,00	7
26,01	7
26,02	12
26,02	12
26,03	10
26,04	9
26,05	9
26,06	6
26,06	7
26,07	1
26,08	4
26,09	6
26,10	5
26,10	14
26,11	8
26,12	7
26,13	13
26,14	10
26,14	4
26,15	6
26,16	7
26,17	4
26,18	4
26,18	1
26,19	6
26,20	7
26,21	7
26,22	8
26,22	7
26,23	4
26,24	4
26,25	5
26,26	5
26,26	7
26,27	2
26,28	5
26,29	5
26,30	4
26,30	4
26,31	4
26,32	7
26,33	4
26,34	7
26,34	9
26,35	2
26,36	4
26,37	5
26,38	6
26,38	3
26,39	2
26,40	2
26,41	4
26,42	5
26,42	2
26,43	2
26,44	2
26,45	2
26,45	1
26,46	6
26,47	5
26,48	6
26,49	2
26,49	4
26,50	2
26,51	3
26,52	1
26,53	2
26,53	3
26,54	4
26,55	3
26,56	4
26,57	1
26,57	3
26,58	2
26,59	0
26,60	3
26,61	2
26,61	3
26,62	1
26,63	2
26,64	3
26,65	1
26,65	3
26,66	4
26,67	3
26,68	4
26,69	3
26,69	3
26,70	2
26,71	1
26,72	3
26,73	4
26,73	1
26,74	0
26,75	1
26,76	2
26,77	1
26,77	1
26,78	1
26,79	2
26,80	0
26,81	4
26,81	2
26,82	1
26,83	1
26,84	3
26,85	0
26,85	2
26,86	2
26,87	0
26,88	0
26,88	1
26,89	1
26,90	0
26,91	1
26,92	2
26,92	1
26,93	2
26,94	1
26,95	2
26,96	1
26,96	3
26,97	0
26,98	1
26,99	1
27,00	0
27,00	0
27,01	0
27,02	1
27,03	2
27,04	4
27,04	2
27,05	3
27,06	2
27,07	1
27,08	1
27,08	2
27,09	2
27,10	0
27,11	4
27,12	0
27,12	0
27,13	1
27,14	0
27,15	2
27,16	2
27,16	0
27,17	4
27,18	0
27,19	1
27,20	2
27,20	2
27,21	2
27,22	1
27,23	1
27,24	0
27,24	1
27,25	0
27,26	2
27,27	1
27,28	0
27,28	1
27,29	1
27,30	1
27,31	1
27,31	1
27,32	3
27,33	3
27,34	2
27,35	1
27,35	1
27,36	2
27,37	1
27,38	0
27,39	1
27,39	1
27,40	2
27,41	0
27,42	1
27,43	0
27,43	3
27,44	1
27,45	1
27,46	1
27,47	1
27,47	0
27,48	1
27,49	0
27,50	1
27,51	1
27,51	2
27,52	1
27,53	2
27,54	1
27,55	1
27,55	1
27,56	0
27,57	1
27,58	1
27,59	0
27,59	0
27,60	0
27,61	0
27,62	5
27,63	2
27,63	1
27,64	2
27,65	1
27,66	0
27,67	1
27,67	5
27,68	1
27,69	3
27,70	0
27,71	4
27,71	1
27,72	2
27,73	2
27,74	1
27,74	2
27,75	1
27,76	2
27,77	3
27,78	0
27,78	1
27,79	4
27,80	1
27,81	1
27,82	3
27,82	2
27,83	0
27,84	0
27,85	2
27,86	2
27,86	1
27,87	5
27,88	1
27,89	1
27,90	2
27,90	1
27,91	3
27,92	0
27,93	2
27,94	2
27,94	1
27,95	0
27,96	3
27,97	1
27,98	3
27,98	0
27,99	1
28,00	3
28,01	1
28,02	1
28,02	1
28,03	2
28,04	2
28,05	2
28,06	0
28,06	2
28,07	0
28,08	2
28,09	0
28,10	2
28,10	2
28,11	0
28,12	3
28,13	2
28,14	3
28,14	1
28,15	3
28,16	2
28,17	5
28,17	2
28,18	3
28,19	4
28,20	2
28,21	2
28,21	1
28,22	1
28,23	1
28,24	1
28,25	2
28,25	2
28,26	0
28,27	4
28,28	5
28,29	5
28,29	2
28,30	3
28,31	0
28,32	1
28,33	3
28,33	3
28,34	3
28,35	1
28,36	2
28,37	2
28,37	1
28,38	2
28,39	3
28,40	4
28,41	1
28,41	5
28,42	3
28,43	4
28,44	4
28,45	0
28,45	5
28,46	3
28,47	1
28,48	2
28,49	3
28,49	6
28,50	1
28,51	3
28,52	3
28,53	3
28,53	4
28,54	0
28,55	2
28,56	1
28,57	4
28,57	3
28,58	1
28,59	3
28,60	5
28,60	3
28,61	4
28,62	2
28,63	5
28,64	5
28,64	0
28,65	2
28,66	0
28,67	2
28,68	4
28,68	1
28,69	1
28,70	4
28,71	1
28,72	0
28,72	5
28,73	2
28,74	3
28,75	2
28,76	4
28,76	2
28,77	5
28,78	5
28,79	4
28,80	2
28,80	1
28,81	0
28,82	3
28,83	0
28,84	2
28,84	2
28,85	2
28,86	1
28,87	4
28,88	1
28,88	4
28,89	2
28,90	2
28,91	2
28,92	2
28,92	2
28,93	3
28,94	2
28,95	4
28,96	5
28,96	2
28,97	2
28,98	5
28,99	3
28,99	4
29,00	4
29,01	4
29,02	1
29,03	3
29,03	2
29,04	4
29,05	2
29,06	2
29,07	1
29,07	2
29,08	4
29,09	4
29,10	4
29,11	4
29,11	2
29,12	6
29,13	3
29,14	3
29,15	6
29,15	2
29,16	2
29,17	3
29,18	5
29,19	1
29,19	1
29,20	7
29,21	3
29,22	4
29,23	5
29,23	5
29,24	1
29,25	5
29,26	1
29,27	1
29,27	5
29,28	3
29,29	1
29,30	3
29,31	4
29,31	8
29,32	5
29,33	3
29,34	7
29,35	5
29,35	3
29,36	2
29,37	1
29,38	6
29,39	2
29,39	4
29,40	1
29,41	3
29,42	4
29,42	3
29,43	5
29,44	6
29,45	3
29,46	3
29,46	2
29,47	5
29,48	1
29,49	7
29,50	1
29,50	2
29,51	2
29,52	1
29,53	2
29,54	1
29,54	4
29,55	3
29,56	4
29,57	7
29,58	2
29,58	1
29,59	2
29,60	4
29,61	2
29,62	4
29,62	1
29,63	2
29,64	2
29,65	2
29,66	3
29,66	1
29,67	3
29,68	3
29,69	3
29,70	3
29,70	4
29,71	3
29,72	3
29,73	8
29,74	2
29,74	3
29,75	1
29,76	2
29,77	2
29,78	3
29,78	3
29,79	1
29,80	4
29,81	2
29,82	2
29,82	1
29,83	2
29,84	3
29,85	1
29,85	3
29,86	1
29,87	0
29,88	0
29,89	4
29,89	1
29,90	5
29,91	6
29,92	2
29,93	3
29,93	0
29,94	2
29,95	1
29,96	0
29,97	2
29,97	3
29,98	5
29,99	2
30,00	4
30,01	1
30,01	1
30,02	1
30,03	3
30,04	1
30,05	1
30,05	2
30,06	0
30,07	6
30,08	4
30,09	2
30,09	3
30,10	2
30,11	4
30,12	4
30,13	0
30,13	2
30,14	3
30,15	2
30,16	1
30,17	2
30,17	0
30,18	1
30,19	1
30,20	1
30,21	3
30,21	1
30,22	1
30,23	0
30,24	0
30,25	3
30,25	1
30,26	0
30,27	2
30,28	0
30,28	1
30,29	2
30,30	3
30,31	0
30,32	3
30,32	2
30,33	0
30,34	1
30,35	1
30,36	3
30,36	1
30,37	2
30,38	0
30,39	0
30,40	2
30,40	1
30,41	2
30,42	1
30,43	2
30,44	2
30,44	1
30,45	0
30,46	0
30,47	1
30,48	2
30,48	0
30,49	2
30,50	0
30,51	2
30,52	1
30,52	0
30,53	0
30,54	1
30,55	1
30,56	0
30,56	2
30,57	2
30,58	0
30,59	1
30,60	3
30,60	2
30,61	0
30,62	1
30,63	3
30,64	1
30,64	1
30,65	2
30,66	0
30,67	1
30,68	0
30,68	1
30,69	1
30,70	0
30,71	0
30,71	1
30,72	1
30,73	1
30,74	1
30,75	0
30,75	0
30,76	2
30,77	1
30,78	4
30,79	1
30,79	1
30,80	0
30,81	0
30,82	0
30,83	1
30,83	2
30,84	2
30,85	0
30,86	0
30,87	0
30,87	0
30,88	0
30,89	1
30,90	2
30,91	0
30,91	0
30,92	0
30,93	1
30,94	0
30,95	0
30,95	0
30,96	0
30,97	2
30,98	0
30,99	0
30,99	0
31,00	0
31,01	0
31,02	4
31,03	2
31,03	0
31,04	1
31,05	0
31,06	0
31,07	0
31,07	1
31,08	0
31,09	0
31,10	1
31,11	0
31,11	2
31,12	0
31,13	0
31,14	0
31,14	0
31,15	0
31,16	0
31,17	1
31,18	1
31,18	4
31,19	1
31,20	1
31,21	2
31,22	0
31,22	0
31,23	0
31,24	1
31,25	0
31,26	0
31,26	1
31,27	0
31,28	0
31,29	0
31,30	0
31,30	1
31,31	0
31,32	3
31,33	0
31,34	2
31,34	0
31,35	1
31,36	0
31,37	1
31,38	0
31,38	0
31,39	0
31,40	0
31,41	0
31,42	1
31,42	0
31,43	0
31,44	2
31,45	0
31,46	2
31,46	0
31,47	0
31,48	0
31,49	0
31,50	0
31,50	1
31,51	1
31,52	0
31,53	0
31,54	0
31,54	0
31,55	0
31,56	0
31,57	2
31,57	1
31,58	0
31,59	0
31,60	0
31,61	1
31,61	0
31,62	1
31,63	1
31,64	0
31,65	2
31,65	1
31,66	0
31,67	0
31,68	0
31,69	0
31,69	0
31,70	1
31,71	0
31,72	0
31,73	1
31,73	0
31,74	0
31,75	0
31,76	0
31,77	1
31,77	0
31,78	1
31,79	1
31,80	1
31,81	1
31,81	0
31,82	0
31,83	0
31,84	0
31,85	0
31,85	0
31,86	0
31,87	0
31,88	1
31,89	1
31,89	0
31,90	0
31,91	0
31,92	0
31,93	1
31,93	0
31,94	0
31,95	0
31,96	0
31,97	0
31,97	1
31,98	0
31,99	0
32,00	1
32,00	0
32,01	1
32,02	1
32,03	0
32,04	1
32,04	0
32,05	0
32,06	0
32,07	0
32,08	0
32,08	1
32,09	0
32,10	1
32,11	1
32,12	0
32,12	0
32,13	0
32,14	0
32,15	1
32,16	1
32,16	0
32,17	0
32,18	0
32,19	0
32,20	0
32,20	0
32,21	1
32,22	0
32,23	0
32,24	0
32,24	0
32,25	0
32,26	0
32,27	0
32,28	0
32,28	0
32,29	0
32,30	0
32,31	0
32,32	0
32,32	0
32,33	0
32,34	1
32,35	0
32,36	1
32,36	0
32,37	0
32,38	0
32,39	0
32,39	0
32,40	0
32,41	0
32,42	0
32,43	0
32,43	1
32,44	1
32,45	0
32,46	0
32,47	0
32,47	0
32,48	0
32,49	0
32,50	0
32,51	0
32,51	1
32,52	0
32,53	0
32,54	0
32,55	0
32,55	1
32,56	0
32,57	1
32,58	1
32,59	1
32,59	1
32,60	1
32,61	0
32,62	0
32,63	0
32,63	0
32,64	0
32,65	1
32,66	1
32,67	1
32,67	0
32,68	0
32,69	0
32,70	0
32,71	0
32,71	0
32,72	0
32,73	0
32,74	0
32,75	0
32,75	0
32,76	0
32,77	0
32,78	0
32,79	0
32,79	0
32,80	1
32,81	0
32,82	0
32,82	0
32,83	0
32,84	0
32,85	0
32,86	0
32,86	0
32,87	1
32,88	1
32,89	0
32,90	0
32,90	1
32,91	1
32,92	0
32,93	0
32,94	0
32,94	1
32,95	0
32,96	0
32,97	0
32,98	0
32,98	0
32,99	0
33,00	0
33,01	0
33,02	1
33,02	0
33,03	1
33,04	0
33,05	0
33,06	0
33,06	0
33,07	0
33,08	0
33,09	2
33,10	1
33,10	0
33,11	1
33,12	0
33,13	0
33,14	0
33,14	0
33,15	0
33,16	0
33,17	0
33,18	0
33,18	0
33,19	0
33,20	2
33,21	0
33,22	0
33,22	0
33,23	0
33,24	0
33,25	0
33,25	1
33,26	0
33,27	0
33,28	0
33,29	1
33,29	0
33,30	0
33,31	1
33,32	0
33,33	0
33,33	0
33,34	1
33,35	0
33,36	0
33,37	0
33,37	0
33,38	0
33,39	0
33,40	0
33,41	0
33,41	0
33,42	0
33,43	0
33,44	0
33,45	0
33,45	0
33,46	0
33,47	0
33,48	0
33,49	0
33,49	0
33,50	0
33,51	0
33,52	0
33,53	0
33,53	0
33,54	0
33,55	0
33,56	0
33,57	0
33,57	0
33,58	2
33,59	0
33,60	0
33,61	1
33,61	0
33,62	0
33,63	1
33,64	0
33,65	0
33,65	0
33,66	1
33,67	0
33,68	1
33,68	0
33,69	0
33,70	0
33,71	0
33,72	0
33,72	0
33,73	0
33,74	0
33,75	0
33,76	0
33,76	0
33,77	0
33,78	0
33,79	0
33,80	0
33,80	1
33,81	1
33,82	0
33,83	1
33,84	0
33,84	0
33,85	0
33,86	0
33,87	0
33,88	0
33,88	0
33,89	0
33,90	0
33,91	0
33,92	0
33,92	0
33,93	0
33,94	1
33,95	0
33,96	1
33,96	1
33,97	0
33,98	0
33,99	0
34,00	1
34,00	0
34,01	0
34,02	0
34,03	0
34,04	1
34,04	0
34,05	0
34,06	2
34,07	0
34,08	0
34,08	1
34,09	1
34,10	0
34,11	0
34,11	0
34,12	0
34,13	0
34,14	0
34,15	0
34,15	0
34,16	0
34,17	0
34,18	0
34,19	0
34,19	0
34,20	0
34,21	0
34,22	0
34,23	0
34,23	0
34,24	0
34,25	0
34,26	1
34,27	0
34,27	0
34,28	0
34,29	0
34,30	0
34,31	0
34,31	0
34,32	1
34,33	0
34,34	0
34,35	0
34,35	0
34,36	0
34,37	1
34,38	0
34,39	0
34,39	0
34,40	0
34,41	0
34,42	0
34,43	0
34,43	0
34,44	0
34,45	0
34,46	1
34,47	0
34,47	0
34,48	0
34,49	0
34,50	0
34,51	1
34,51	0
34,52	1
34,53	0
34,54	0
34,54	0
34,55	0
34,56	1
34,57	0
34,58	0
34,58	0
34,59	0
34,60	0
34,61	0
34,62	0
34,62	2
34,63	0
34,64	0
34,65	0
34,66	0
34,66	1
34,67	0
34,68	0
34,69	0
34,70	0
34,70	0
34,71	0
34,72	0
34,73	1
34,74	1
34,74	0
34,75	3
34,76	0
34,77	1
34,78	0
34,78	0
34,79	0
34,80	0
34,81	0
34,82	0
34,82	0
34,83	0
34,84	0
34,85	0
34,86	0
34,86	0
34,87	0
34,88	0
34,89	0
34,90	0
34,90	0
34,91	0
34,92	0
34,93	0
34,94	0
34,94	0
34,95	1
34,96	0
34,97	0
34,97	0
34,98	0
34,99	0
35,00	0
35,01	0
35,01	0
35,02	1
35,03	0
35,04	0
35,05	0
35,05	0
35,06	0
