Energie	Impulse
E/keV	Impulse/#

3,21	0
3,22	0
3,23	0
3,24	0
3,24	0
3,25	0
3,26	0
3,27	0
3,28	0
3,28	0
3,29	0
3,30	0
3,31	0
3,32	0
3,32	0
3,33	0
3,34	0
3,35	0
3,36	0
3,36	0
3,37	0
3,38	0
3,39	0
3,40	0
3,40	0
3,41	0
3,42	0
3,43	0
3,44	0
3,44	0
3,45	0
3,46	0
3,47	0
3,48	0
3,48	0
3,49	0
3,50	0
3,51	0
3,51	0
3,52	0
3,53	0
3,54	0
3,55	0
3,55	0
3,56	0
3,57	0
3,58	0
3,59	0
3,59	0
3,60	0
3,61	0
3,62	0
3,63	0
3,63	0
3,64	0
3,65	0
3,66	0
3,67	0
3,67	0
3,68	0
3,69	0
3,70	0
3,71	1
3,71	0
3,72	0
3,73	0
3,74	1
3,75	0
3,75	0
3,76	0
3,77	0
3,78	0
3,79	0
3,79	0
3,80	2
3,81	0
3,82	2
3,83	1
3,83	1
3,84	0
3,85	0
3,86	1
3,87	1
3,87	1
3,88	0
3,89	2
3,90	1
3,91	0
3,91	0
3,92	0
3,93	2
3,94	1
3,94	3
3,95	0
3,96	2
3,97	0
3,98	0
3,98	2
3,99	2
4,00	3
4,01	2
4,02	2
4,02	0
4,03	1
4,04	1
4,05	4
4,06	1
4,06	2
4,07	1
4,08	2
4,09	0
4,10	1
4,10	1
4,11	0
4,12	0
4,13	0
4,14	0
4,14	1
4,15	2
4,16	0
4,17	1
4,18	1
4,18	2
4,19	1
4,20	1
4,21	2
4,22	4
4,22	0
4,23	2
4,24	2
4,25	1
4,26	1
4,26	0
4,27	2
4,28	4
4,29	2
4,30	4
4,30	2
4,31	0
4,32	1
4,33	1
4,34	2
4,34	2
4,35	1
4,36	3
4,37	2
4,37	1
4,38	2
4,39	1
4,40	1
4,41	2
4,41	3
4,42	2
4,43	1
4,44	3
4,45	2
4,45	1
4,46	1
4,47	3
4,48	2
4,49	0
4,49	2
4,50	2
4,51	3
4,52	3
4,53	0
4,53	3
4,54	0
4,55	3
4,56	3
4,57	0
4,57	1
4,58	3
4,59	4
4,60	1
4,61	0
4,61	3
4,62	3
4,63	2
4,64	3
4,65	2
4,65	1
4,66	2
4,67	1
4,68	3
4,69	6
4,69	1
4,70	2
4,71	2
4,72	1
4,73	1
4,73	1
4,74	3
4,75	3
4,76	1
4,77	2
4,77	2
4,78	2
4,79	1
4,80	3
4,80	0
4,81	1
4,82	0
4,83	0
4,84	2
4,84	0
4,85	0
4,86	2
4,87	1
4,88	3
4,88	1
4,89	1
4,90	3
4,91	0
4,92	2
4,92	5
4,93	1
4,94	1
4,95	1
4,96	3
4,96	1
4,97	1
4,98	4
4,99	2
5,00	1
5,00	1
5,01	1
5,02	1
5,03	0
5,04	0
5,04	0
5,05	2
5,06	1
5,07	2
5,08	1
5,08	3
5,09	1
5,10	1
5,11	1
5,12	1
5,12	2
5,13	1
5,14	1
5,15	2
5,16	5
5,16	1
5,17	2
5,18	0
5,19	3
5,20	2
5,20	1
5,21	1
5,22	2
5,23	1
5,23	5
5,24	4
5,25	2
5,26	2
5,27	1
5,27	1
5,28	2
5,29	3
5,30	3
5,31	3
5,31	1
5,32	3
5,33	2
5,34	2
5,35	2
5,35	0
5,36	2
5,37	2
5,38	0
5,39	3
5,39	1
5,40	3
5,41	2
5,42	1
5,43	0
5,43	0
5,44	2
5,45	0
5,46	3
5,47	2
5,47	5
5,48	3
5,49	1
5,50	4
5,51	1
5,51	4
5,52	1
5,53	2
5,54	0
5,55	1
5,55	0
5,56	2
5,57	5
5,58	3
5,59	2
5,59	0
5,60	0
5,61	3
5,62	0
5,63	2
5,63	1
5,64	6
5,65	0
5,66	0
5,66	2
5,67	1
5,68	0
5,69	0
5,70	1
5,70	3
5,71	3
5,72	4
5,73	0
5,74	2
5,74	3
5,75	2
5,76	1
5,77	3
5,78	0
5,78	0
5,79	0
5,80	2
5,81	2
5,82	2
5,82	0
5,83	3
5,84	1
5,85	3
5,86	3
5,86	3
5,87	1
5,88	0
5,89	2
5,90	1
5,90	1
5,91	1
5,92	1
5,93	1
5,94	2
5,94	0
5,95	1
5,96	1
5,97	1
5,98	0
5,98	0
5,99	2
6,00	2
6,01	3
6,02	3
6,02	1
6,03	2
6,04	2
6,05	2
6,06	0
6,06	4
6,07	2
6,08	1
6,09	3
6,09	3
6,10	1
6,11	4
6,12	1
6,13	3
6,13	3
6,14	0
6,15	4
6,16	4
6,17	4
6,17	2
6,18	5
6,19	2
6,20	2
6,21	2
6,21	3
6,22	1
6,23	4
6,24	4
6,25	0
6,25	2
6,26	2
6,27	1
6,28	2
6,29	1
6,29	1
6,30	3
6,31	0
6,32	5
6,33	2
6,33	1
6,34	0
6,35	4
6,36	2
6,37	2
6,37	4
6,38	4
6,39	1
6,40	4
6,41	1
6,41	0
6,42	0
6,43	1
6,44	2
6,45	4
6,45	1
6,46	2
6,47	3
6,48	1
6,49	3
6,49	3
6,50	1
6,51	0
6,52	0
6,52	1
6,53	0
6,54	0
6,55	5
6,56	1
6,56	1
6,57	1
6,58	4
6,59	1
6,60	1
6,60	3
6,61	0
6,62	3
6,63	3
6,64	1
6,64	2
6,65	1
6,66	0
6,67	0
6,68	2
6,68	1
6,69	1
6,70	2
6,71	3
6,72	1
6,72	0
6,73	1
6,74	2
6,75	1
6,76	1
6,76	2
6,77	3
6,78	2
6,79	3
6,80	2
6,80	2
6,81	0
6,82	1
6,83	3
6,84	1
6,84	1
6,85	1
6,86	5
6,87	2
6,88	2
6,88	1
6,89	4
6,90	0
6,91	0
6,91	4
6,92	4
6,93	1
6,94	1
6,95	1
6,95	0
6,96	2
6,97	2
6,98	1
6,99	4
6,99	2
7,00	4
7,01	2
7,02	1
7,03	3
7,03	1
7,04	1
7,05	2
7,06	0
7,07	0
7,07	0
7,08	3
7,09	0
7,10	3
7,11	2
7,11	1
7,12	4
7,13	2
7,14	2
7,15	1
7,15	2
7,16	1
7,17	1
7,18	0
7,19	1
7,19	1
7,20	3
7,21	1
7,22	2
7,23	1
7,23	2
7,24	4
7,25	3
7,26	2
7,27	4
7,27	1
7,28	0
7,29	2
7,30	1
7,31	1
7,31	0
7,32	4
7,33	1
7,34	2
7,34	3
7,35	4
7,36	2
7,37	0
7,38	3
7,38	3
7,39	1
7,40	3
7,41	1
7,42	2
7,42	0
7,43	1
7,44	1
7,45	1
7,46	0
7,46	3
7,47	3
7,48	2
7,49	2
7,50	1
7,50	0
7,51	1
7,52	0
7,53	2
7,54	2
7,54	2
7,55	4
7,56	3
7,57	3
7,58	2
7,58	3
7,59	1
7,60	3
7,61	1
7,62	2
7,62	1
7,63	4
7,64	2
7,65	2
7,66	2
7,66	1
7,67	2
7,68	5
7,69	1
7,70	2
7,70	0
7,71	1
7,72	1
7,73	2
7,74	2
7,74	2
7,75	4
7,76	2
7,77	1
7,77	1
7,78	3
7,79	1
7,80	0
7,81	4
7,81	1
7,82	3
7,83	1
7,84	2
7,85	1
7,85	2
7,86	0
7,87	1
7,88	1
7,89	0
7,89	4
7,90	1
7,91	2
7,92	4
7,93	1
7,93	4
7,94	0
7,95	0
7,96	0
7,97	4
7,97	1
7,98	0
7,99	1
8,00	3
8,01	2
8,01	3
8,02	2
8,03	1
8,04	3
8,05	1
8,05	0
8,06	2
8,07	3
8,08	3
8,09	2
8,09	1
8,10	0
8,11	3
8,12	2
8,13	2
8,13	1
8,14	0
8,15	2
8,16	0
8,17	3
8,17	2
8,18	0
8,19	1
8,20	3
8,20	0
8,21	3
8,22	2
8,23	4
8,24	2
8,24	1
8,25	1
8,26	3
8,27	2
8,28	3
8,28	1
8,29	5
8,30	1
8,31	1
8,32	3
8,32	3
8,33	1
8,34	1
8,35	4
8,36	0
8,36	1
8,37	1
8,38	3
8,39	1
8,40	3
8,40	0
8,41	3
8,42	1
8,43	3
8,44	4
8,44	3
8,45	4
8,46	5
8,47	1
8,48	4
8,48	2
8,49	2
8,50	1
8,51	0
8,52	1
8,52	3
8,53	0
8,54	2
8,55	7
8,56	2
8,56	1
8,57	1
8,58	1
8,59	1
8,60	1
8,60	0
8,61	3
8,62	3
8,63	3
8,63	3
8,64	1
8,65	2
8,66	3
8,67	2
8,67	3
8,68	1
8,69	2
8,70	1
8,71	0
8,71	2
8,72	4
8,73	3
8,74	4
8,75	3
8,75	2
8,76	3
8,77	1
8,78	3
8,79	1
8,79	3
8,80	2
8,81	3
8,82	0
8,83	1
8,83	4
8,84	0
8,85	2
8,86	3
8,87	1
8,87	0
8,88	1
8,89	4
8,90	1
8,91	0
8,91	4
8,92	1
8,93	1
8,94	2
8,95	5
8,95	4
8,96	3
8,97	0
8,98	1
8,99	2
8,99	2
9,00	3
9,01	0
9,02	2
9,03	4
9,03	1
9,04	3
9,05	5
9,06	1
9,06	4
9,07	3
9,08	2
9,09	3
9,10	4
9,10	1
9,11	0
9,12	1
9,13	2
9,14	1
9,14	5
9,15	4
9,16	2
9,17	2
9,18	2
9,18	2
9,19	4
9,20	4
9,21	3
9,22	3
9,22	3
9,23	4
9,24	1
9,25	7
9,26	4
9,26	2
9,27	3
9,28	0
9,29	3
9,30	3
9,30	3
9,31	3
9,32	1
9,33	1
9,34	4
9,34	0
9,35	1
9,36	3
9,37	1
9,38	4
9,38	4
9,39	3
9,40	3
9,41	1
9,42	2
9,42	2
9,43	4
9,44	2
9,45	1
9,46	2
9,46	2
9,47	0
9,48	3
9,49	1
9,49	2
9,50	4
9,51	0
9,52	2
9,53	3
9,53	2
9,54	4
9,55	2
9,56	0
9,57	4
9,57	3
9,58	0
9,59	2
9,60	1
9,61	2
9,61	3
9,62	4
9,63	5
9,64	0
9,65	2
9,65	0
9,66	4
9,67	4
9,68	2
9,69	6
9,69	3
9,70	2
9,71	1
9,72	1
9,73	3
9,73	3
9,74	3
9,75	2
9,76	5
9,77	1
9,77	3
9,78	3
9,79	1
9,80	0
9,81	3
9,81	5
9,82	1
9,83	3
9,84	0
9,85	0
9,85	1
9,86	0
9,87	4
9,88	2
9,88	3
9,89	0
9,90	4
9,91	1
9,92	2
9,92	2
9,93	1
9,94	3
9,95	1
9,96	3
9,96	4
9,97	1
9,98	2
9,99	5
10,00	2
10,00	2
10,01	2
10,02	2
10,03	3
10,04	2
10,04	2
10,05	5
10,06	1
10,07	1
10,08	4
10,08	3
10,09	3
10,10	0
10,11	4
10,12	2
10,12	2
10,13	2
10,14	2
10,15	1
10,16	2
10,16	6
10,17	0
10,18	1
10,19	1
10,20	3
10,20	0
10,21	3
10,22	0
10,23	5
10,24	5
10,24	0
10,25	4
10,26	0
10,27	1
10,28	3
10,28	1
10,29	2
10,30	2
10,31	1
10,31	1
10,32	1
10,33	1
10,34	0
10,35	1
10,35	2
10,36	3
10,37	4
10,38	2
10,39	2
10,39	1
10,40	3
10,41	4
10,42	1
10,43	2
10,43	3
10,44	2
10,45	1
10,46	3
10,47	2
10,47	0
10,48	1
10,49	3
10,50	0
10,51	1
10,51	1
10,52	3
10,53	3
10,54	1
10,55	2
10,55	1
10,56	4
10,57	0
10,58	0
10,59	2
10,59	1
10,60	0
10,61	2
10,62	0
10,63	0
10,63	1
10,64	2
10,65	3
10,66	1
10,67	0
10,67	3
10,68	3
10,69	1
10,70	5
10,71	3
10,71	1
10,72	1
10,73	0
10,74	2
10,74	3
10,75	1
10,76	1
10,77	0
10,78	1
10,78	0
10,79	0
10,80	0
10,81	1
10,82	3
10,82	0
10,83	2
10,84	1
10,85	2
10,86	2
10,86	2
10,87	1
10,88	1
10,89	4
10,90	2
10,90	2
10,91	4
10,92	1
10,93	5
10,94	3
10,94	1
10,95	2
10,96	1
10,97	2
10,98	1
10,98	0
10,99	2
11,00	1
11,01	3
11,02	7
11,02	1
11,03	0
11,04	1
11,05	1
11,06	4
11,06	1
11,07	1
11,08	4
11,09	2
11,10	3
11,10	3
11,11	1
11,12	1
11,13	1
11,14	4
11,14	0
11,15	3
11,16	0
11,17	2
11,17	1
11,18	1
11,19	5
11,20	2
11,21	4
11,21	1
11,22	0
11,23	5
11,24	2
11,25	0
11,25	1
11,26	1
11,27	1
11,28	2
11,29	3
11,29	0
11,30	2
11,31	3
11,32	3
11,33	3
11,33	2
11,34	0
11,35	2
11,36	3
11,37	1
11,37	2
11,38	3
11,39	3
11,40	5
11,41	1
11,41	1
11,42	0
11,43	3
11,44	0
11,45	1
11,45	2
11,46	2
11,47	3
11,48	1
11,49	2
11,49	3
11,50	1
11,51	0
11,52	3
11,53	0
11,53	3
11,54	2
11,55	1
11,56	4
11,57	3
11,57	4
11,58	3
11,59	1
11,60	6
11,60	1
11,61	0
11,62	0
11,63	2
11,64	3
11,64	2
11,65	5
11,66	1
11,67	0
11,68	3
11,68	1
11,69	2
11,70	1
11,71	1
11,72	3
11,72	2
11,73	2
11,74	0
11,75	3
11,76	1
11,76	2
11,77	4
11,78	1
11,79	3
11,80	2
11,80	1
11,81	2
11,82	3
11,83	3
11,84	1
11,84	2
11,85	0
11,86	0
11,87	3
11,88	2
11,88	3
11,89	0
11,90	4
11,91	1
11,92	0
11,92	1
11,93	5
11,94	1
11,95	2
11,96	2
11,96	2
11,97	2
11,98	2
11,99	2
12,00	1
12,00	0
12,01	3
12,02	5
12,03	0
12,03	6
12,04	3
12,05	2
12,06	2
12,07	3
12,07	3
12,08	3
12,09	1
12,10	0
12,11	1
12,11	7
12,12	2
12,13	3
12,14	2
12,15	1
12,15	2
12,16	2
12,17	1
12,18	3
12,19	2
12,19	3
12,20	1
12,21	2
12,22	1
12,23	2
12,23	2
12,24	2
12,25	3
12,26	1
12,27	2
12,27	1
12,28	1
12,29	3
12,30	1
12,31	2
12,31	4
12,32	5
12,33	5
12,34	1
12,35	3
12,35	1
12,36	2
12,37	2
12,38	1
12,39	3
12,39	4
12,40	0
12,41	2
12,42	0
12,43	0
12,43	0
12,44	4
12,45	4
12,46	4
12,46	2
12,47	3
12,48	2
12,49	3
12,50	2
12,50	2
12,51	1
12,52	0
12,53	4
12,54	1
12,54	3
12,55	3
12,56	2
12,57	1
12,58	2
12,58	1
12,59	2
12,60	4
12,61	2
12,62	7
12,62	2
12,63	4
12,64	2
12,65	2
12,66	1
12,66	3
12,67	2
12,68	3
12,69	4
12,70	3
12,70	3
12,71	0
12,72	3
12,73	4
12,74	1
12,74	1
12,75	0
12,76	3
12,77	4
12,78	1
12,78	2
12,79	3
12,80	1
12,81	1
12,82	1
12,82	1
12,83	1
12,84	1
12,85	1
12,85	2
12,86	3
12,87	1
12,88	3
12,89	3
12,89	3
12,90	3
12,91	2
12,92	2
12,93	7
12,93	1
12,94	2
12,95	0
12,96	2
12,97	5
12,97	6
12,98	5
12,99	1
13,00	4
13,01	2
13,01	1
13,02	0
13,03	4
13,04	5
13,05	1
13,05	5
13,06	1
13,07	4
13,08	2
13,09	3
13,09	2
13,10	4
13,11	5
13,12	0
13,13	5
13,13	2
13,14	5
13,15	1
13,16	2
13,17	3
13,17	2
13,18	3
13,19	5
13,20	1
13,21	0
13,21	1
13,22	6
13,23	4
13,24	4
13,25	4
13,25	5
13,26	2
13,27	2
13,28	0
13,28	5
13,29	3
13,30	2
13,31	5
13,32	5
13,32	4
13,33	4
13,34	1
13,35	3
13,36	3
13,36	4
13,37	3
13,38	2
13,39	3
13,40	3
13,40	1
13,41	11
13,42	2
13,43	3
13,44	3
13,44	3
13,45	5
13,46	3
13,47	5
13,48	2
13,48	3
13,49	4
13,50	3
13,51	2
13,52	2
13,52	2
13,53	3
13,54	3
13,55	5
13,56	4
13,56	4
13,57	3
13,58	3
13,59	2
13,60	4
13,60	6
13,61	5
13,62	3
13,63	2
13,64	5
13,64	6
13,65	3
13,66	3
13,67	5
13,68	8
13,68	6
13,69	9
13,70	5
13,71	12
13,71	8
13,72	7
13,73	8
13,74	4
13,75	4
13,75	8
13,76	5
13,77	9
13,78	3
13,79	10
13,79	5
13,80	4
13,81	4
13,82	10
13,83	5
13,83	9
13,84	7
13,85	4
13,86	8
13,87	6
13,87	10
13,88	6
13,89	9
13,90	7
13,91	13
13,91	9
13,92	10
13,93	17
13,94	11
13,95	7
13,95	5
13,96	12
13,97	3
13,98	8
13,99	9
13,99	7
14,00	12
14,01	11
14,02	7
14,03	8
14,03	12
14,04	8
14,05	12
14,06	15
14,07	13
14,07	8
14,08	14
14,09	23
14,10	20
14,11	10
14,11	10
14,12	9
14,13	12
14,14	13
14,14	16
14,15	13
14,16	18
14,17	15
14,18	13
14,18	24
14,19	15
14,20	14
14,21	17
14,22	19
14,22	12
14,23	8
14,24	12
14,25	12
14,26	18
14,26	15
14,27	13
14,28	18
14,29	19
14,30	15
14,30	18
14,31	15
14,32	13
14,33	12
14,34	12
14,34	19
14,35	15
14,36	16
14,37	27
14,38	16
14,38	23
14,39	21
14,40	27
14,41	15
14,42	22
14,42	20
14,43	15
14,44	14
14,45	21
14,46	22
14,46	19
14,47	29
14,48	23
14,49	26
14,50	25
14,50	24
14,51	17
14,52	29
14,53	28
14,54	28
14,54	28
14,55	24
14,56	17
14,57	27
14,57	26
14,58	26
14,59	22
14,60	50
14,61	24
14,61	33
14,62	34
14,63	19
14,64	32
14,65	28
14,65	30
14,66	33
14,67	38
14,68	28
14,69	26
14,69	31
14,70	39
14,71	44
14,72	27
14,73	43
14,73	27
14,74	27
14,75	32
14,76	34
14,77	23
14,77	38
14,78	37
14,79	42
14,80	25
14,81	34
14,81	42
14,82	31
14,83	52
14,84	37
14,85	41
14,85	47
14,86	42
14,87	33
14,88	48
14,89	32
14,89	43
14,90	35
14,91	40
14,92	53
14,93	45
14,93	35
14,94	39
14,95	43
14,96	34
14,97	49
14,97	36
14,98	62
14,99	47
15,00	48
15,00	48
15,01	33
15,02	44
15,03	47
15,04	47
15,04	53
15,05	55
15,06	39
15,07	58
15,08	52
15,08	49
15,09	58
15,10	38
15,11	61
15,12	39
15,12	50
15,13	48
15,14	42
15,15	46
15,16	56
15,16	50
15,17	46
15,18	54
15,19	40
15,20	47
15,20	55
15,21	48
15,22	63
15,23	54
15,24	64
15,24	57
15,25	51
15,26	58
15,27	38
15,28	57
15,28	69
15,29	49
15,30	58
15,31	39
15,32	50
15,32	62
15,33	55
15,34	65
15,35	55
15,36	51
15,36	90
15,37	52
15,38	49
15,39	72
15,40	53
15,40	60
15,41	47
15,42	61
15,43	55
15,43	71
15,44	34
15,45	59
15,46	56
15,47	67
15,47	81
15,48	59
15,49	86
15,50	48
15,51	65
15,51	77
15,52	39
15,53	55
15,54	74
15,55	61
15,55	66
15,56	71
15,57	54
15,58	84
15,59	56
15,59	86
15,60	65
15,61	58
15,62	68
15,63	54
15,63	58
15,64	90
15,65	64
15,66	97
15,67	64
15,67	89
15,68	68
15,69	101
15,70	57
15,71	71
15,71	62
15,72	76
15,73	89
15,74	61
15,75	74
15,75	76
15,76	65
15,77	76
15,78	54
15,79	85
15,79	67
15,80	85
15,81	63
15,82	50
15,83	80
15,83	88
15,84	80
15,85	102
15,86	70
15,86	68
15,87	115
15,88	74
15,89	60
15,90	95
15,90	75
15,91	91
15,92	70
15,93	95
15,94	76
15,94	76
15,95	80
15,96	81
15,97	101
15,98	74
15,98	88
15,99	79
16,00	102
16,01	86
16,02	77
16,02	116
16,03	97
16,04	107
16,05	94
16,06	93
16,06	104
16,07	105
16,08	72
16,09	85
16,10	108
16,10	112
16,11	94
16,12	94
16,13	131
16,14	85
16,14	96
16,15	107
16,16	84
16,17	108
16,18	107
16,18	127
16,19	105
16,20	109
16,21	88
16,22	106
16,22	92
16,23	119
16,24	129
16,25	90
16,25	128
16,26	123
16,27	103
16,28	135
16,29	93
16,29	103
16,30	133
16,31	119
16,32	104
16,33	105
16,33	88
16,34	123
16,35	108
16,36	150
16,37	121
16,37	107
16,38	142
16,39	108
16,40	108
16,41	143
16,41	125
16,42	144
16,43	132
16,44	147
16,45	127
16,45	153
16,46	96
16,47	133
16,48	135
16,49	121
16,49	161
16,50	105
16,51	157
16,52	107
16,53	133
16,53	157
16,54	107
16,55	134
16,56	172
16,57	158
16,57	128
16,58	116
16,59	132
16,60	135
16,61	131
16,61	135
16,62	146
16,63	95
16,64	166
16,65	139
16,65	140
16,66	159
16,67	133
16,68	167
16,68	150
16,69	161
16,70	143
16,71	179
16,72	121
16,72	165
16,73	146
16,74	153
16,75	190
16,76	112
16,76	196
16,77	140
16,78	113
16,79	183
16,80	128
16,80	153
16,81	182
16,82	178
16,83	161
16,84	98
16,84	165
16,85	135
16,86	160
16,87	162
16,88	197
16,88	125
16,89	219
16,90	141
16,91	149
16,92	186
16,92	130
16,93	198
16,94	160
16,95	157
16,96	180
16,96	144
16,97	141
16,98	172
16,99	159
17,00	162
17,00	198
17,01	134
17,02	184
17,03	120
17,04	166
17,04	185
17,05	121
17,06	161
17,07	195
17,08	165
17,08	177
17,09	178
17,10	142
17,11	170
17,11	158
17,12	192
17,13	169
17,14	133
17,15	193
17,15	146
17,16	164
17,17	183
17,18	152
17,19	193
17,19	174
17,20	178
17,21	180
17,22	187
17,23	148
17,23	164
17,24	176
17,25	162
17,26	204
17,27	120
17,27	190
17,28	140
17,29	137
17,30	185
17,31	158
17,31	145
17,32	226
17,33	162
17,34	155
17,35	147
17,35	144
17,36	149
17,37	158
17,38	176
17,39	161
17,39	142
17,40	199
17,41	141
17,42	149
17,43	199
17,43	128
17,44	171
17,45	174
17,46	127
17,47	148
17,47	146
17,48	129
17,49	145
17,50	120
17,51	156
17,51	183
17,52	127
17,53	177
17,54	119
17,54	136
17,55	167
17,56	106
17,57	148
17,58	168
17,58	131
17,59	126
17,60	118
17,61	140
17,62	138
17,62	156
17,63	149
17,64	124
17,65	99
17,66	142
17,66	117
17,67	116
17,68	147
17,69	132
17,70	145
17,70	141
17,71	131
17,72	150
17,73	127
17,74	114
17,74	113
17,75	120
17,76	80
17,77	155
17,78	91
17,78	142
17,79	128
17,80	85
17,81	131
17,82	119
17,82	102
17,83	143
17,84	135
17,85	92
17,86	100
17,86	102
17,87	105
17,88	95
17,89	109
17,90	103
17,90	114
17,91	122
17,92	110
17,93	92
17,94	114
17,94	91
17,95	97
17,96	95
17,97	88
17,97	98
17,98	93
17,99	78
18,00	102
18,01	93
18,01	84
18,02	102
18,03	60
18,04	109
18,05	72
18,05	96
18,06	111
18,07	63
18,08	95
18,09	113
18,09	91
18,10	79
18,11	82
18,12	79
18,13	78
18,13	84
18,14	92
18,15	76
18,16	69
18,17	76
18,17	54
18,18	93
18,19	79
18,20	66
18,21	89
18,21	79
18,22	73
18,23	65
18,24	62
18,25	72
18,25	74
18,26	77
18,27	62
18,28	76
18,29	54
18,29	78
18,30	56
18,31	41
18,32	79
18,33	66
18,33	56
18,34	71
18,35	51
18,36	65
18,37	38
18,37	47
18,38	48
18,39	48
18,40	78
18,40	53
18,41	38
18,42	62
18,43	52
18,44	47
18,44	78
18,45	32
18,46	51
18,47	56
18,48	51
18,48	49
18,49	44
18,50	46
18,51	46
18,52	40
18,52	39
18,53	66
18,54	50
18,55	70
18,56	31
18,56	42
18,57	59
18,58	30
18,59	43
18,60	52
18,60	47
18,61	51
18,62	33
18,63	41
18,64	47
18,64	41
18,65	38
18,66	53
18,67	27
18,68	37
18,68	25
18,69	39
18,70	47
18,71	34
18,72	34
18,72	37
18,73	34
18,74	33
18,75	41
18,76	26
18,76	42
18,77	36
18,78	36
18,79	40
18,80	34
18,80	42
18,81	22
18,82	34
18,83	35
18,83	31
18,84	21
18,85	42
18,86	34
18,87	30
18,87	28
18,88	28
18,89	37
18,90	26
18,91	29
18,91	26
18,92	22
18,93	40
18,94	20
18,95	21
18,95	38
18,96	30
18,97	40
18,98	23
18,99	35
18,99	29
19,00	23
19,01	29
19,02	33
19,03	42
19,03	34
19,04	37
19,05	24
19,06	36
19,07	21
19,07	32
19,08	30
19,09	19
19,10	14
19,11	31
19,11	21
19,12	27
19,13	23
19,14	29
19,15	31
19,15	34
19,16	30
19,17	31
19,18	15
19,19	45
19,19	17
19,20	32
19,21	36
19,22	21
19,23	24
19,23	23
19,24	29
19,25	28
19,26	21
19,26	20
19,27	28
19,28	23
19,29	16
19,30	42
19,30	20
19,31	24
19,32	17
19,33	22
19,34	20
19,34	21
19,35	14
19,36	21
19,37	19
19,38	30
19,38	17
19,39	17
19,40	25
19,41	31
19,42	22
19,42	19
19,43	20
19,44	29
19,45	21
19,46	20
19,46	21
19,47	17
19,48	22
19,49	30
19,50	27
19,50	18
19,51	21
19,52	11
19,53	22
19,54	24
19,54	17
19,55	15
19,56	15
19,57	22
19,58	20
19,58	16
19,59	23
19,60	18
19,61	18
19,62	21
19,62	17
19,63	22
19,64	15
19,65	19
19,65	16
19,66	17
19,67	16
19,68	17
19,69	18
19,69	24
19,70	12
19,71	11
19,72	25
19,73	10
19,73	19
19,74	11
19,75	22
19,76	15
19,77	14
19,77	10
19,78	17
19,79	17
19,80	11
19,81	14
19,81	13
19,82	8
19,83	12
19,84	16
19,85	9
19,85	9
19,86	16
19,87	17
19,88	27
19,89	11
19,89	10
19,90	16
19,91	15
19,92	7
19,93	15
19,93	12
19,94	7
19,95	18
19,96	9
19,97	8
19,97	15
19,98	9
19,99	9
20,00	8
20,01	10
20,01	11
20,02	13
20,03	14
20,04	8
20,05	11
20,05	9
20,06	8
20,07	9
20,08	6
20,08	5
20,09	9
20,10	6
20,11	6
20,12	3
20,12	9
20,13	15
20,14	8
20,15	4
20,16	5
20,16	6
20,17	10
20,18	8
20,19	10
20,20	4
20,20	10
20,21	8
20,22	4
20,23	3
20,24	1
20,24	3
20,25	9
20,26	7
20,27	6
20,28	9
20,28	6
20,29	6
20,30	3
20,31	6
20,32	7
20,32	3
20,33	6
20,34	4
20,35	6
20,36	5
20,36	5
20,37	2
20,38	5
20,39	6
20,40	4
20,40	4
20,41	1
20,42	3
20,43	3
20,44	3
20,44	3
20,45	4
20,46	3
20,47	3
20,48	4
20,48	2
20,49	2
20,50	1
20,51	3
20,51	3
20,52	2
20,53	2
20,54	7
20,55	1
20,55	1
20,56	6
20,57	2
20,58	2
20,59	3
20,59	3
20,60	2
20,61	1
20,62	1
20,63	2
20,63	2
20,64	2
20,65	1
20,66	1
20,67	1
20,67	3
20,68	2
20,69	6
20,70	3
20,71	1
20,71	2
20,72	0
20,73	1
20,74	0
20,75	0
20,75	4
20,76	1
20,77	0
20,78	1
20,79	1
20,79	0
20,80	2
20,81	1
20,82	1
20,83	1
20,83	0
20,84	0
20,85	1
20,86	2
20,87	1
20,87	1
20,88	0
20,89	2
20,90	3
20,91	1
20,91	0
20,92	0
20,93	0
20,94	2
20,94	0
20,95	1
20,96	2
20,97	0
20,98	2
20,98	0
20,99	1
21,00	1
21,01	1
21,02	0
21,02	0
21,03	0
21,04	0
21,05	0
21,06	1
21,06	2
21,07	0
21,08	1
21,09	0
21,10	0
21,10	2
21,11	1
21,12	1
21,13	0
21,14	1
21,14	0
21,15	0
21,16	0
21,17	1
21,18	0
21,18	1
21,19	0
21,20	0
21,21	0
21,22	0
21,22	0
21,23	0
21,24	0
21,25	0
21,26	0
21,26	2
21,27	0
21,28	0
21,29	1
21,30	0
21,30	0
21,31	1
21,32	0
21,33	0
21,34	0
21,34	0
21,35	1
21,36	1
21,37	1
21,37	0
21,38	0
21,39	0
21,40	1
21,41	0
21,41	2
21,42	0
21,43	1
21,44	0
21,45	0
21,45	0
21,46	0
21,47	0
21,48	0
21,49	0
21,49	0
21,50	1
21,51	2
21,52	1
21,53	1
21,53	1
21,54	0
21,55	0
21,56	0
21,57	0
21,57	0
21,58	1
21,59	1
21,60	0
21,61	2
21,61	1
21,62	0
21,63	0
21,64	0
21,65	1
21,65	0
21,66	0
21,67	0
21,68	0
21,69	0
21,69	0
21,70	0
21,71	0
21,72	1
21,73	0
21,73	0
21,74	0
21,75	0
21,76	1
21,77	0
21,77	0
21,78	1
21,79	1
21,80	1
21,80	0
21,81	0
21,82	3
21,83	1
21,84	1
21,84	0
21,85	0
21,86	0
21,87	0
21,88	1
21,88	1
21,89	0
21,90	0
21,91	0
21,92	0
21,92	1
21,93	0
21,94	0
21,95	0
21,96	0
21,96	0
21,97	1
21,98	0
21,99	0
22,00	1
22,00	0
22,01	0
22,02	1
22,03	1
22,04	0
22,04	0
22,05	0
22,06	0
22,07	0
22,08	0
22,08	0
22,09	0
22,10	0
22,11	0
22,12	0
22,12	0
22,13	0
22,14	0
22,15	1
22,16	0
22,16	0
22,17	2
22,18	0
22,19	0
22,20	0
22,20	0
22,21	1
22,22	1
22,23	0
22,23	0
22,24	0
22,25	0
22,26	0
22,27	0
22,27	0
22,28	0
22,29	1
22,30	0
22,31	1
22,31	0
22,32	0
22,33	1
22,34	0
22,35	2
22,35	2
22,36	0
22,37	0
22,38	0
22,39	0
22,39	0
22,40	0
22,41	0
22,42	1
22,43	0
22,43	0
22,44	0
22,45	0
22,46	0
22,47	1
22,47	0
22,48	1
22,49	0
22,50	0
22,51	0
22,51	0
22,52	0
22,53	0
22,54	0
22,55	1
22,55	0
22,56	0
22,57	0
22,58	0
22,59	0
22,59	0
22,60	0
22,61	0
22,62	0
22,62	1
22,63	1
22,64	0
22,65	1
22,66	0
22,66	1
22,67	0
22,68	0
22,69	0
22,70	0
22,70	0
22,71	1
22,72	0
22,73	0
22,74	0
22,74	0
22,75	0
22,76	1
22,77	1
22,78	0
22,78	1
22,79	0
22,80	0
22,81	1
22,82	1
22,82	1
22,83	0
22,84	0
22,85	0
22,86	0
22,86	0
22,87	0
22,88	0
22,89	0
22,90	0
22,90	1
22,91	0
22,92	0
22,93	0
22,94	0
22,94	0
22,95	0
22,96	0
22,97	0
22,98	1
22,98	1
22,99	0
23,00	0
23,01	0
23,02	0
23,02	0
23,03	1
23,04	0
23,05	0
23,05	0
23,06	0
23,07	0
23,08	0
23,09	0
23,09	0
23,10	0
23,11	0
23,12	0
23,13	0
23,13	0
23,14	0
23,15	0
23,16	0
23,17	0
23,17	0
23,18	0
23,19	0
23,20	0
23,21	0
23,21	0
23,22	0
23,23	0
23,24	1
23,25	0
23,25	0
23,26	0
23,27	0
23,28	2
23,29	0
23,29	0
23,30	0
23,31	0
23,32	0
23,33	0
23,33	0
23,34	0
23,35	1
23,36	0
23,37	0
23,37	0
23,38	1
23,39	0
23,40	0
23,41	1
23,41	0
23,42	0
23,43	0
23,44	0
23,45	0
23,45	0
23,46	1
23,47	0
23,48	0
23,48	0
23,49	0
23,50	0
23,51	0
23,52	2
23,52	0
23,53	0
23,54	0
23,55	0
23,56	0
23,56	0
23,57	0
23,58	0
23,59	0
23,60	1
23,60	1
23,61	0
23,62	0
23,63	1
23,64	0
23,64	0
23,65	0
23,66	0
23,67	0
23,68	0
23,68	0
23,69	0
23,70	2
23,71	0
23,72	0
23,72	0
23,73	0
23,74	0
23,75	1
23,76	1
23,76	0
23,77	0
23,78	0
23,79	0
23,80	0
23,80	1
23,81	0
23,82	0
23,83	0
23,84	0
23,84	0
23,85	1
23,86	0
23,87	0
23,88	0
23,88	0
23,89	0
23,90	0
23,91	0
23,91	0
23,92	1
23,93	0
23,94	0
23,95	0
23,95	0
23,96	0
23,97	0
23,98	0
23,99	1
23,99	0
24,00	0
24,01	0
24,02	0
24,03	0
24,03	0
24,04	0
24,05	0
24,06	0
24,07	0
24,07	0
24,08	1
24,09	1
24,10	2
24,11	1
24,11	0
24,12	0
24,13	0
24,14	0
24,15	1
24,15	0
24,16	1
24,17	1
24,18	0
24,19	0
24,19	0
24,20	0
24,21	0
24,22	0
24,23	0
24,23	0
24,24	0
24,25	0
24,26	0
24,27	0
24,27	0
24,28	1
24,29	0
24,30	0
24,31	1
24,31	0
24,32	1
24,33	0
24,34	2
24,34	0
24,35	0
24,36	0
24,37	2
24,38	0
24,38	1
24,39	0
24,40	0
24,41	0
24,42	0
24,42	2
24,43	0
24,44	0
24,45	2
24,46	0
24,46	0
24,47	1
24,48	0
24,49	0
24,50	0
24,50	0
24,51	0
24,52	0
24,53	0
24,54	0
24,54	0
24,55	1
24,56	0
24,57	0
24,58	0
24,58	1
24,59	0
24,60	0
24,61	0
24,62	0
24,62	0
24,63	0
24,64	0
24,65	0
24,66	0
24,66	1
24,67	0
24,68	1
24,69	0
24,70	0
24,70	1
24,71	1
24,72	0
24,73	0
24,74	0
24,74	0
24,75	0
24,76	0
24,77	1
24,77	0
24,78	0
24,79	0
24,80	0
24,81	0
24,81	0
24,82	0
24,83	0
24,84	0
24,85	0
24,85	0
24,86	0
24,87	1
24,88	0
24,89	1
24,89	1
24,90	0
24,91	0
24,92	0
24,93	0
24,93	0
24,94	0
24,95	1
24,96	1
24,97	0
24,97	0
24,98	0
24,99	0
25,00	1
25,01	0
25,01	0
25,02	1
25,03	1
25,04	1
25,05	0
25,05	0
25,06	0
25,07	0
25,08	0
25,09	0
25,09	0
25,10	0
25,11	0
25,12	0
25,13	0
25,13	0
25,14	0
25,15	0
25,16	1
25,17	0
25,17	1
25,18	0
25,19	0
25,20	0
25,20	0
25,21	1
25,22	0
25,23	0
25,24	0
25,24	0
25,25	0
25,26	0
25,27	0
25,28	0
25,28	0
25,29	1
25,30	0
25,31	1
25,32	0
25,32	0
25,33	1
25,34	0
25,35	0
25,36	0
25,36	0
25,37	0
25,38	0
25,39	0
25,40	0
25,40	0
25,41	0
25,42	0
25,43	1
25,44	0
25,44	0
25,45	0
25,46	0
25,47	1
25,48	1
25,48	0
25,49	0
25,50	0
25,51	0
25,52	0
25,52	0
25,53	0
25,54	0
25,55	0
25,56	1
25,56	1
25,57	0
25,58	0
25,59	0
25,59	0
25,60	0
25,61	0
25,62	0
25,63	0
25,63	0
25,64	0
25,65	0
25,66	0
25,67	0
25,67	0
25,68	0
25,69	0
25,70	1
25,71	1
25,71	0
25,72	0
25,73	0
25,74	0
25,75	0
25,75	0
25,76	1
25,77	0
25,78	0
25,79	1
25,79	0
25,80	0
25,81	0
25,82	0
25,83	0
25,83	0
25,84	0
25,85	1
25,86	0
25,87	0
25,87	0
25,88	0
25,89	0
25,90	0
25,91	0
25,91	1
25,92	0
25,93	0
25,94	0
25,95	0
25,95	0
25,96	0
25,97	0
25,98	0
25,99	0
25,99	0
26,00	0
26,01	0
26,02	1
26,02	0
26,03	0
26,04	0
26,05	0
26,06	0
26,06	0
26,07	0
26,08	0
26,09	0
26,10	0
26,10	1
26,11	0
26,12	0
26,13	0
26,14	0
26,14	0
26,15	0
26,16	2
26,17	0
26,18	1
26,18	0
26,19	1
26,20	0
26,21	0
26,22	0
26,22	0
26,23	0
26,24	0
26,25	0
26,26	0
26,26	0
26,27	0
26,28	0
26,29	1
26,30	1
26,30	0
26,31	0
26,32	0
26,33	0
26,34	1
26,34	0
26,35	0
26,36	0
26,37	0
26,38	0
26,38	0
26,39	0
26,40	1
26,41	0
26,42	0
26,42	0
26,43	0
26,44	0
26,45	0
26,45	0
26,46	0
26,47	1
26,48	0
26,49	0
26,49	1
26,50	0
26,51	0
26,52	0
26,53	0
26,53	1
26,54	0
26,55	0
26,56	0
26,57	1
26,57	0
26,58	0
26,59	0
26,60	1
26,61	0
26,61	0
26,62	1
26,63	0
26,64	0
26,65	0
26,65	0
26,66	0
26,67	0
26,68	0
26,69	0
26,69	0
26,70	0
26,71	0
26,72	1
26,73	0
26,73	1
26,74	0
26,75	0
26,76	1
26,77	0
26,77	0
26,78	0
26,79	0
26,80	0
26,81	0
26,81	0
26,82	0
26,83	1
26,84	0
26,85	0
26,85	0
26,86	0
26,87	0
26,88	1
26,88	1
26,89	1
26,90	0
26,91	0
26,92	0
26,92	0
26,93	0
26,94	0
26,95	0
26,96	0
26,96	0
26,97	1
26,98	0
26,99	0
27,00	0
27,00	1
27,01	1
27,02	0
27,03	0
27,04	0
27,04	0
27,05	1
27,06	1
27,07	0
27,08	0
27,08	0
27,09	0
27,10	0
27,11	1
27,12	0
27,12	0
27,13	0
27,14	0
27,15	1
27,16	0
27,16	0
27,17	0
27,18	0
27,19	0
27,20	0
27,20	0
27,21	0
27,22	0
27,23	0
27,24	0
27,24	0
27,25	0
27,26	0
27,27	0
27,28	0
27,28	1
27,29	0
27,30	0
27,31	0
27,31	1
27,32	2
27,33	0
27,34	0
27,35	0
27,35	0
27,36	0
27,37	1
27,38	0
27,39	0
27,39	1
27,40	1
27,41	0
27,42	0
27,43	0
27,43	1
27,44	0
27,45	1
27,46	0
27,47	1
27,47	1
27,48	0
27,49	0
27,50	0
27,51	0
27,51	0
27,52	1
27,53	0
27,54	0
27,55	0
27,55	0
27,56	0
27,57	0
27,58	1
27,59	0
27,59	0
27,60	0
27,61	0
27,62	1
27,63	0
27,63	0
27,64	0
27,65	0
27,66	0
27,67	0
27,67	0
27,68	1
27,69	0
27,70	0
27,71	0
27,71	1
27,72	0
27,73	0
27,74	0
27,74	0
27,75	0
27,76	0
27,77	0
27,78	0
27,78	0
27,79	0
27,80	0
27,81	0
27,82	0
27,82	0
27,83	0
27,84	0
27,85	0
27,86	0
27,86	0
27,87	1
27,88	0
27,89	1
27,90	0
27,90	0
27,91	0
27,92	0
27,93	1
27,94	0
27,94	0
27,95	0
27,96	0
27,97	1
27,98	0
27,98	0
27,99	0
28,00	0
28,01	0
28,02	0
28,02	1
28,03	1
28,04	0
28,05	0
28,06	0
28,06	0
28,07	0
28,08	0
28,09	0
28,10	0
28,10	0
28,11	0
28,12	1
28,13	0
28,14	1
28,14	0
28,15	0
28,16	0
28,17	0
28,17	0
28,18	0
28,19	0
28,20	0
28,21	0
28,21	0
28,22	0
28,23	0
28,24	0
28,25	0
28,25	0
28,26	0
28,27	1
28,28	0
28,29	0
28,29	0
28,30	0
28,31	0
28,32	1
28,33	0
28,33	0
28,34	0
28,35	0
28,36	0
28,37	0
28,37	0
28,38	0
28,39	2
28,40	0
28,41	0
28,41	0
28,42	0
28,43	0
28,44	0
28,45	1
28,45	1
28,46	0
28,47	0
28,48	0
28,49	1
28,49	0
28,50	0
28,51	1
28,52	0
28,53	0
28,53	1
28,54	0
28,55	0
28,56	0
28,57	0
28,57	1
28,58	0
28,59	0
28,60	0
28,60	0
28,61	0
28,62	0
28,63	0
28,64	1
28,64	1
28,65	0
28,66	0
28,67	0
28,68	0
28,68	0
28,69	0
28,70	0
28,71	0
28,72	0
28,72	0
28,73	1
28,74	0
28,75	1
28,76	0
28,76	1
28,77	0
28,78	0
28,79	0
28,80	0
28,80	0
28,81	0
28,82	0
28,83	0
28,84	0
28,84	0
28,85	0
28,86	0
28,87	0
28,88	1
28,88	0
28,89	0
28,90	2
28,91	0
28,92	0
28,92	0
28,93	0
28,94	0
28,95	2
28,96	1
28,96	0
28,97	0
28,98	0
28,99	0
28,99	0
29,00	0
29,01	0
29,02	0
29,03	0
29,03	0
29,04	0
29,05	0
29,06	1
29,07	1
29,07	0
29,08	0
29,09	0
29,10	0
29,11	1
29,11	0
29,12	0
29,13	0
29,14	0
29,15	0
29,15	1
29,16	0
29,17	0
29,18	0
29,19	0
29,19	0
29,20	1
29,21	2
29,22	0
29,23	0
29,23	0
29,24	0
29,25	0
29,26	0
29,27	0
29,27	0
29,28	1
29,29	0
29,30	0
29,31	0
29,31	0
29,32	0
29,33	0
29,34	0
29,35	1
29,35	0
29,36	0
29,37	0
29,38	1
29,39	0
29,39	0
29,40	0
29,41	0
29,42	1
29,42	0
29,43	0
29,44	0
29,45	0
29,46	0
29,46	0
29,47	0
29,48	0
29,49	0
29,50	0
29,50	0
29,51	0
29,52	1
29,53	0
29,54	0
29,54	0
29,55	0
29,56	1
29,57	0
29,58	0
29,58	0
29,59	0
29,60	1
29,61	1
29,62	1
29,62	0
29,63	0
29,64	0
29,65	1
29,66	0
29,66	0
29,67	0
29,68	0
29,69	0
29,70	0
29,70	0
29,71	0
29,72	0
29,73	0
29,74	0
29,74	0
29,75	1
29,76	0
29,77	0
29,78	0
29,78	0
29,79	0
29,80	1
29,81	0
29,82	1
29,82	0
29,83	0
29,84	1
29,85	1
29,85	1
29,86	0
29,87	0
29,88	1
29,89	0
29,89	0
29,90	0
29,91	0
29,92	0
29,93	1
29,93	0
29,94	0
29,95	0
29,96	0
29,97	0
29,97	0
29,98	0
29,99	0
30,00	0
30,01	0
30,01	0
30,02	0
30,03	0
30,04	0
30,05	0
30,05	0
30,06	0
30,07	0
30,08	1
30,09	0
30,09	0
30,10	0
30,11	0
30,12	0
30,13	0
30,13	0
30,14	1
30,15	1
30,16	0
30,17	0
30,17	0
30,18	0
30,19	0
30,20	0
30,21	0
30,21	1
30,22	0
30,23	0
30,24	0
30,25	0
30,25	0
30,26	1
30,27	1
30,28	0
30,28	0
30,29	0
30,30	1
30,31	0
30,32	0
30,32	0
30,33	0
30,34	0
30,35	0
30,36	0
30,36	0
30,37	0
30,38	0
30,39	0
30,40	0
30,40	0
30,41	1
30,42	0
30,43	0
30,44	0
30,44	0
30,45	0
30,46	1
30,47	1
30,48	0
30,48	0
30,49	0
30,50	0
30,51	1
30,52	0
30,52	0
30,53	0
30,54	0
30,55	0
30,56	0
30,56	0
30,57	0
30,58	0
30,59	1
30,60	0
30,60	0
30,61	0
30,62	0
30,63	0
30,64	1
30,64	0
30,65	0
30,66	0
30,67	0
30,68	0
30,68	0
30,69	0
30,70	0
30,71	0
30,71	0
30,72	1
30,73	0
30,74	0
30,75	0
30,75	0
30,76	0
30,77	0
30,78	0
30,79	0
30,79	0
30,80	0
30,81	1
30,82	0
30,83	0
30,83	0
30,84	0
30,85	0
30,86	0
30,87	0
30,87	0
30,88	0
30,89	0
30,90	0
30,91	0
30,91	0
30,92	1
30,93	0
30,94	0
30,95	0
30,95	0
30,96	1
30,97	1
30,98	0
30,99	0
30,99	0
31,00	0
31,01	0
31,02	0
31,03	0
31,03	0
31,04	0
31,05	0
31,06	0
31,07	0
31,07	0
31,08	0
31,09	0
31,10	0
31,11	0
31,11	1
31,12	0
31,13	0
31,14	0
31,14	1
31,15	1
31,16	0
31,17	0
31,18	0
31,18	0
31,19	0
31,20	0
31,21	0
31,22	0
31,22	0
31,23	0
31,24	0
31,25	1
31,26	0
31,26	0
31,27	0
31,28	0
31,29	1
31,30	0
31,30	1
31,31	0
31,32	0
31,33	1
31,34	0
31,34	0
31,35	0
31,36	1
31,37	0
31,38	1
31,38	0
31,39	0
31,40	0
31,41	0
31,42	0
31,42	0
31,43	2
31,44	0
31,45	0
31,46	0
31,46	0
31,47	0
31,48	0
31,49	0
31,50	0
31,50	0
31,51	0
31,52	1
31,53	0
31,54	0
31,54	0
31,55	0
31,56	0
31,57	0
31,57	0
31,58	0
31,59	0
31,60	0
31,61	0
31,61	1
31,62	0
31,63	1
31,64	0
31,65	0
31,65	0
31,66	0
31,67	0
31,68	1
31,69	0
31,69	0
31,70	0
31,71	0
31,72	1
31,73	0
31,73	0
31,74	0
31,75	0
31,76	0
31,77	0
31,77	0
31,78	0
31,79	1
31,80	0
31,81	0
31,81	1
31,82	0
31,83	0
31,84	0
31,85	1
31,85	0
31,86	0
31,87	0
31,88	0
31,89	0
31,89	0
31,90	0
31,91	0
31,92	0
31,93	0
31,93	0
31,94	0
31,95	0
31,96	0
31,97	0
31,97	0
31,98	0
31,99	0
32,00	0
32,00	0
32,01	0
32,02	0
32,03	0
32,04	1
32,04	0
32,05	1
32,06	0
32,07	0
32,08	1
32,08	0
32,09	0
32,10	0
32,11	0
32,12	0
32,12	0
32,13	0
32,14	0
32,15	1
32,16	1
32,16	0
32,17	1
32,18	1
32,19	0
32,20	1
32,20	0
32,21	1
32,22	0
32,23	0
32,24	0
32,24	0
32,25	0
32,26	0
32,27	0
32,28	0
32,28	0
32,29	0
32,30	0
32,31	0
32,32	0
32,32	0
32,33	0
32,34	0
32,35	0
32,36	0
32,36	0
32,37	1
32,38	0
32,39	0
32,39	0
32,40	0
32,41	0
32,42	0
32,43	0
32,43	0
32,44	0
32,45	0
32,46	0
32,47	0
32,47	1
32,48	0
32,49	1
32,50	0
32,51	0
32,51	1
32,52	0
32,53	0
32,54	0
32,55	0
32,55	0
32,56	0
32,57	0
32,58	0
32,59	0
32,59	0
32,60	1
32,61	0
32,62	0
32,63	0
32,63	0
32,64	0
32,65	0
32,66	0
32,67	0
32,67	0
32,68	0
32,69	1
32,70	0
32,71	0
32,71	0
32,72	2
32,73	0
32,74	0
32,75	0
32,75	0
32,76	0
32,77	1
32,78	0
32,79	0
32,79	0
32,80	1
32,81	0
32,82	0
32,82	0
32,83	0
32,84	0
32,85	0
32,86	0
32,86	1
32,87	0
32,88	0
32,89	0
32,90	1
32,90	0
32,91	0
32,92	0
32,93	1
32,94	0
32,94	0
32,95	0
32,96	1
32,97	0
32,98	0
32,98	0
32,99	1
33,00	0
33,01	0
33,02	0
33,02	0
33,03	0
33,04	0
33,05	0
33,06	0
33,06	0
33,07	1
33,08	1
33,09	0
33,10	0
33,10	0
33,11	0
33,12	0
33,13	0
33,14	1
33,14	1
33,15	0
33,16	0
33,17	0
33,18	1
33,18	0
33,19	0
33,20	0
33,21	0
33,22	0
33,22	0
33,23	0
33,24	0
33,25	0
33,25	0
33,26	0
33,27	0
33,28	0
33,29	0
33,29	0
33,30	0
33,31	1
33,32	0
33,33	0
33,33	0
33,34	0
33,35	0
33,36	0
33,37	0
33,37	2
33,38	0
33,39	0
33,40	0
33,41	0
33,41	0
33,42	0
33,43	0
33,44	1
33,45	1
33,45	0
33,46	0
33,47	0
33,48	0
33,49	0
33,49	0
33,50	1
33,51	0
33,52	1
33,53	0
33,53	0
33,54	0
33,55	0
33,56	0
33,57	0
33,57	0
33,58	0
33,59	0
33,60	0
33,61	0
33,61	0
33,62	0
33,63	0
33,64	0
33,65	0
33,65	0
33,66	0
33,67	0
33,68	0
33,68	1
33,69	0
33,70	0
33,71	0
33,72	0
33,72	1
33,73	0
33,74	0
33,75	0
33,76	0
33,76	0
33,77	0
33,78	0
33,79	0
33,80	0
33,80	0
33,81	1
33,82	0
33,83	0
33,84	0
33,84	0
33,85	0
33,86	0
33,87	0
33,88	0
33,88	0
33,89	1
33,90	0
33,91	0
33,92	0
33,92	1
33,93	1
33,94	1
33,95	2
33,96	0
33,96	0
33,97	0
33,98	1
33,99	0
34,00	0
34,00	0
34,01	0
34,02	0
34,03	1
34,04	0
34,04	1
34,05	0
34,06	0
34,07	0
34,08	1
34,08	0
34,09	0
34,10	0
34,11	0
34,11	0
34,12	0
34,13	0
34,14	0
34,15	1
34,15	0
34,16	0
34,17	0
34,18	2
34,19	0
34,19	0
34,20	0
34,21	0
34,22	0
34,23	0
34,23	1
34,24	0
34,25	0
34,26	0
34,27	0
34,27	1
34,28	0
34,29	0
34,30	0
34,31	1
34,31	0
34,32	0
34,33	0
34,34	0
34,35	0
34,35	0
34,36	0
34,37	0
34,38	0
34,39	0
34,39	0
34,40	0
34,41	0
34,42	0
34,43	0
34,43	0
34,44	1
34,45	0
34,46	0
34,47	0
34,47	0
34,48	0
34,49	0
34,50	0
34,51	0
34,51	0
34,52	0
34,53	1
34,54	0
34,54	0
34,55	0
34,56	0
34,57	0
34,58	0
34,58	0
34,59	0
34,60	1
34,61	0
34,62	0
34,62	0
34,63	0
34,64	1
34,65	0
34,66	0
34,66	0
34,67	0
34,68	1
34,69	0
34,70	0
34,70	0
34,71	0
34,72	0
34,73	0
34,74	0
34,74	0
34,75	0
34,76	0
34,77	0
34,78	0
34,78	0
34,79	0
34,80	0
34,81	0
34,82	0
34,82	0
34,83	0
34,84	0
34,85	1
34,86	1
34,86	0
34,87	0
34,88	0
34,89	0
34,90	0
34,90	0
34,91	0
34,92	0
34,93	0
34,94	0
34,94	0
34,95	0
34,96	0
34,97	0
34,97	0
34,98	0
34,99	0
35,00	0
35,01	0
35,01	0
35,02	0
35,03	0
35,04	0
35,05	0
35,05	0
35,06	0
