Energie	Impulse
E/keV	Impulse/#

6,40	0
6,41	0
6,43	0
6,45	0
6,46	0
6,48	0
6,49	0
6,51	0
6,52	0
6,54	0
6,56	0
6,57	0
6,59	0
6,60	0
6,62	0
6,64	0
6,65	0
6,67	0
6,68	0
6,70	0
6,72	0
6,73	0
6,75	0
6,76	0
6,78	0
6,80	0
6,81	0
6,83	0
6,84	0
6,86	0
6,88	0
6,89	0
6,91	0
6,92	0
6,94	0
6,95	0
6,97	0
6,99	0
7,00	0
7,02	0
7,03	0
7,05	0
7,07	0
7,08	0
7,10	0
7,11	0
7,13	0
7,15	0
7,16	0
7,18	0
7,19	0
7,21	0
7,23	0
7,24	0
7,26	0
7,27	0
7,29	0
7,31	0
7,32	0
7,34	0
7,35	0
7,37	0
7,38	0
7,40	0
7,42	0
7,43	0
7,45	0
7,46	1
7,48	0
7,50	0
7,51	0
7,53	0
7,54	0
7,56	0
7,58	0
7,59	0
7,61	0
7,62	1
7,64	1
7,66	1
7,67	0
7,69	2
7,70	0
7,72	1
7,74	0
7,75	0
7,77	1
7,78	2
7,80	0
7,81	2
7,83	0
7,85	1
7,86	0
7,88	2
7,89	1
7,91	1
7,93	1
7,94	1
7,96	0
7,97	0
7,99	1
8,01	1
8,02	2
8,04	3
8,05	0
8,07	2
8,09	1
8,10	1
8,12	0
8,13	0
8,15	0
8,17	1
8,18	0
8,20	1
8,21	0
8,23	1
8,24	0
8,26	0
8,28	1
8,29	2
8,31	0
8,32	2
8,34	0
8,36	2
8,37	0
8,39	0
8,40	1
8,42	1
8,44	0
8,45	1
8,47	2
8,48	0
8,50	1
8,52	0
8,53	3
8,55	0
8,56	3
8,58	4
8,60	1
8,61	4
8,63	1
8,64	1
8,66	2
8,67	2
8,69	2
8,71	1
8,72	1
8,74	0
8,75	2
8,77	0
8,79	2
8,80	1
8,82	0
8,83	1
8,85	0
8,87	0
8,88	1
8,90	2
8,91	1
8,93	0
8,95	0
8,96	3
8,98	1
8,99	0
9,01	0
9,03	1
9,04	4
9,06	1
9,07	1
9,09	2
9,10	2
9,12	0
9,14	7
9,15	1
9,17	0
9,18	2
9,20	4
9,22	2
9,23	2
9,25	2
9,26	1
9,28	1
9,30	0
9,31	4
9,33	1
9,34	0
9,36	0
9,38	3
9,39	1
9,41	0
9,42	0
9,44	3
9,46	1
9,47	2
9,49	2
9,50	1
9,52	0
9,53	2
9,55	3
9,57	0
9,58	1
9,60	0
9,61	1
9,63	1
9,65	0
9,66	1
9,68	3
9,69	2
9,71	0
9,73	0
9,74	1
9,76	0
9,77	3
9,79	0
9,81	3
9,82	1
9,84	3
9,85	6
9,87	2
9,88	1
9,90	2
9,92	0
9,93	1
9,95	3
9,96	0
9,98	2
10,00	2
10,01	3
10,03	1
10,04	3
10,06	4
10,08	5
10,09	1
10,11	2
10,12	0
10,14	3
10,16	1
10,17	0
10,19	2
10,20	1
10,22	0
10,24	0
10,25	2
10,27	0
10,28	1
10,30	0
10,31	0
10,33	5
10,35	3
10,36	0
10,38	2
10,39	1
10,41	1
10,43	1
10,44	1
10,46	1
10,47	0
10,49	1
10,51	0
10,52	1
10,54	0
10,55	0
10,57	2
10,59	0
10,60	2
10,62	1
10,63	1
10,65	0
10,67	2
10,68	1
10,70	3
10,71	0
10,73	3
10,74	0
10,76	0
10,78	0
10,79	2
10,81	1
10,82	2
10,84	3
10,86	2
10,87	1
10,89	1
10,90	1
10,92	0
10,94	3
10,95	2
10,97	0
10,98	1
11,00	3
11,02	2
11,03	1
11,05	0
11,06	1
11,08	1
11,10	1
11,11	3
11,13	3
11,14	1
11,16	0
11,17	3
11,19	3
11,21	3
11,22	1
11,24	1
11,25	2
11,27	3
11,29	0
11,30	2
11,32	0
11,33	4
11,35	1
11,37	1
11,38	1
11,40	0
11,41	2
11,43	2
11,45	0
11,46	2
11,48	4
11,49	1
11,51	0
11,53	1
11,54	1
11,56	2
11,57	0
11,59	3
11,60	2
11,62	3
11,64	1
11,65	0
11,67	0
11,68	1
11,70	2
11,72	0
11,73	0
11,75	2
11,76	0
11,78	0
11,80	1
11,81	2
11,83	2
11,84	2
11,86	1
11,88	3
11,89	1
11,91	1
11,92	4
11,94	0
11,96	1
11,97	4
11,99	2
12,00	3
12,02	1
12,03	1
12,05	0
12,07	4
12,08	0
12,10	0
12,11	1
12,13	1
12,15	2
12,16	1
12,18	1
12,19	4
12,21	4
12,23	2
12,24	2
12,26	1
12,27	0
12,29	1
12,31	2
12,32	5
12,34	3
12,35	4
12,37	1
12,39	3
12,40	3
12,42	0
12,43	2
12,45	1
12,46	2
12,48	2
12,50	2
12,51	1
12,53	3
12,54	2
12,56	1
12,58	2
12,59	3
12,61	3
12,62	0
12,64	0
12,66	1
12,67	1
12,69	6
12,70	3
12,72	1
12,74	3
12,75	3
12,77	3
12,78	6
12,80	1
12,82	4
12,83	2
12,85	6
12,86	3
12,88	5
12,89	3
12,91	4
12,93	0
12,94	4
12,96	5
12,97	7
12,99	0
13,01	6
13,02	4
13,04	4
13,05	5
13,07	3
13,09	2
13,10	4
13,12	5
13,13	7
13,15	4
13,17	8
13,18	3
13,20	2
13,21	6
13,23	4
13,25	6
13,26	4
13,28	2
13,29	1
13,31	4
13,32	6
13,34	4
13,36	3
13,37	6
13,39	6
13,40	7
13,42	10
13,44	3
13,45	6
13,47	5
13,48	12
13,50	3
13,52	16
13,53	4
13,55	8
13,56	6
13,58	6
13,60	7
13,61	0
13,63	20
13,64	8
13,66	2
13,68	12
13,69	6
13,71	9
13,72	11
13,74	10
13,75	8
13,77	15
13,79	7
13,80	11
13,82	13
13,83	18
13,85	8
13,87	9
13,88	11
13,90	5
13,91	15
13,93	20
13,95	13
13,96	18
13,98	16
13,99	14
14,01	21
14,03	26
14,04	11
14,06	13
14,07	17
14,09	20
14,11	27
14,12	15
14,14	26
14,15	23
14,17	16
14,18	23
14,20	18
14,22	16
14,23	16
14,25	31
14,26	24
14,28	26
14,30	22
14,31	17
14,33	31
14,34	24
14,36	21
14,38	11
14,39	26
14,41	27
14,42	14
14,44	32
14,46	24
14,47	35
14,49	28
14,50	27
14,52	34
14,54	42
14,55	12
14,57	32
14,58	46
14,60	39
14,61	39
14,63	34
14,65	38
14,66	25
14,68	39
14,69	40
14,71	30
14,73	34
14,74	40
14,76	38
14,77	37
14,79	40
14,81	31
14,82	37
14,84	38
14,85	37
14,87	46
14,89	31
14,90	46
14,92	34
14,93	33
14,95	46
14,97	40
14,98	51
15,00	48
15,01	60
15,03	46
15,04	55
15,06	38
15,08	46
15,09	61
15,11	61
15,12	57
15,14	44
15,16	59
15,17	73
15,19	40
15,20	50
15,22	54
15,24	64
15,25	47
15,27	74
15,28	67
15,30	63
15,32	59
15,33	50
15,35	84
15,36	60
15,38	65
15,40	67
15,41	68
15,43	62
15,44	68
15,46	70
15,47	57
15,49	85
15,51	47
15,52	91
15,54	77
15,55	75
15,57	44
15,59	65
15,60	64
15,62	75
15,63	69
15,65	69
15,67	78
15,68	79
15,70	75
15,71	86
15,73	65
15,75	90
15,76	84
15,78	92
15,79	74
15,81	109
15,83	77
15,84	65
15,86	89
15,87	97
15,89	80
15,90	76
15,92	120
15,94	98
15,95	84
15,97	92
15,98	78
16,00	85
16,02	103
16,03	102
16,05	99
16,06	124
16,08	89
16,10	91
16,11	76
16,13	108
16,14	109
16,16	88
16,18	75
16,19	103
16,21	98
16,22	123
16,24	83
16,25	111
16,27	124
16,29	94
16,30	92
16,32	122
16,33	93
16,35	107
16,37	108
16,38	91
16,40	110
16,41	98
16,43	130
16,45	85
16,46	100
16,48	118
16,49	101
16,51	125
16,53	94
16,54	105
16,56	104
16,57	144
16,59	68
16,61	103
16,62	111
16,64	124
16,65	123
16,67	95
16,68	148
16,70	104
16,72	93
16,73	136
16,75	98
16,76	96
16,78	93
16,80	122
16,81	117
16,83	114
16,84	85
16,86	93
16,88	105
16,89	101
16,91	104
16,92	82
16,94	133
16,96	107
16,97	105
16,99	98
17,00	92
17,02	111
17,04	82
17,05	95
17,07	96
17,08	114
17,10	74
17,11	88
17,13	89
17,15	72
17,16	101
17,18	75
17,19	89
17,21	89
17,23	69
17,24	90
17,26	67
17,27	77
17,29	85
17,31	75
17,32	65
17,34	68
17,35	64
17,37	74
17,39	72
17,40	90
17,42	62
17,43	61
17,45	64
17,47	65
17,48	47
17,50	68
17,51	42
17,53	60
17,54	63
17,56	64
17,58	54
17,59	61
17,61	43
17,62	42
17,64	53
17,66	64
17,67	52
17,69	47
17,70	56
17,72	40
17,74	40
17,75	46
17,77	38
17,78	36
17,80	40
17,82	39
17,83	46
17,85	21
17,86	20
17,88	28
17,90	41
17,91	36
17,93	38
17,94	29
17,96	29
17,97	26
17,99	26
18,01	45
18,02	22
18,04	35
18,05	30
18,07	33
18,09	26
18,10	35
18,12	15
18,13	18
18,15	29
18,17	27
18,18	33
18,20	15
18,21	24
18,23	24
18,25	17
18,26	25
18,28	18
18,29	26
18,31	29
18,33	21
18,34	20
18,36	18
18,37	15
18,39	22
18,40	28
18,42	27
18,44	21
18,45	23
18,47	21
18,48	15
18,50	17
18,52	24
18,53	16
18,55	13
18,56	23
18,58	19
18,60	21
18,61	20
18,63	15
18,64	13
18,66	15
18,68	16
18,69	17
18,71	10
18,72	11
18,74	15
18,76	16
18,77	14
18,79	11
18,80	21
18,82	17
18,83	30
18,85	20
18,87	23
18,88	17
18,90	21
18,91	19
18,93	17
18,95	16
18,96	11
18,98	11
18,99	11
19,01	12
19,03	10
19,04	10
19,06	15
19,07	13
19,09	9
19,11	21
19,12	7
19,14	8
19,15	22
19,17	9
19,19	14
19,20	7
19,22	9
19,23	11
19,25	13
19,26	6
19,28	6
19,30	13
19,31	8
19,33	8
19,34	7
19,36	6
19,38	6
19,39	9
19,41	6
19,42	12
19,44	7
19,46	16
19,47	4
19,49	8
19,50	10
19,52	5
19,54	9
19,55	3
19,57	7
19,58	4
19,60	5
19,62	7
19,63	8
19,65	5
19,66	5
19,68	4
19,69	4
19,71	5
19,73	7
19,74	4
19,76	1
19,77	5
19,79	3
19,81	3
19,82	4
19,84	0
19,85	0
19,87	7
19,89	0
19,90	5
19,92	2
19,93	1
19,95	6
19,97	3
19,98	1
20,00	2
20,01	3
20,03	3
20,05	5
20,06	3
20,08	2
20,09	2
20,11	2
20,12	2
20,14	2
20,16	1
20,17	4
20,19	1
20,20	1
20,22	1
20,24	1
20,25	2
20,27	3
20,28	2
20,30	1
20,32	0
20,33	1
20,35	0
20,36	1
20,38	0
20,40	0
20,41	0
20,43	0
20,44	0
20,46	2
20,48	0
20,49	1
20,51	1
20,52	2
20,54	1
20,55	0
20,57	4
20,59	1
20,60	2
20,62	1
20,63	2
20,65	2
20,67	1
20,68	0
20,70	0
20,71	0
20,73	1
20,75	0
20,76	5
20,78	1
20,79	0
20,81	0
20,83	1
20,84	1
20,86	0
20,87	1
20,89	1
20,91	0
20,92	0
20,94	2
20,95	0
20,97	1
20,98	0
21,00	0
21,02	0
21,03	0
21,05	2
21,06	0
21,08	0
21,10	0
21,11	0
21,13	0
21,14	0
21,16	0
21,18	0
21,19	3
21,21	0
21,22	0
21,24	0
21,26	1
21,27	2
21,29	0
21,30	0
21,32	1
21,34	1
21,35	0
21,37	0
21,38	3
21,40	1
21,41	1
21,43	0
21,45	0
21,46	0
21,48	0
21,49	1
21,51	0
21,53	0
21,54	1
21,56	1
21,57	0
21,59	2
21,61	3
21,62	0
21,64	0
21,65	1
21,67	0
21,69	1
21,70	1
21,72	0
21,73	1
21,75	2
21,77	0
21,78	0
21,80	0
21,81	0
21,83	0
21,84	1
21,86	1
21,88	0
21,89	1
21,91	1
21,92	1
21,94	0
21,96	0
21,97	1
21,99	0
22,00	1
22,02	0
22,04	0
22,05	0
22,07	1
22,08	0
22,10	0
22,12	2
22,13	1
22,15	1
22,16	0
22,18	0
22,20	0
22,21	1
22,23	1
22,24	2
22,26	1
22,27	0
22,29	0
22,31	0
22,32	1
22,34	2
22,35	0
22,37	1
22,39	1
22,40	3
22,42	0
22,43	0
22,45	0
22,47	3
22,48	0
22,50	0
22,51	0
22,53	0
22,55	1
22,56	0
22,58	2
22,59	0
22,61	2
22,62	1
22,64	1
22,66	0
22,67	0
22,69	0
22,70	1
22,72	1
22,74	0
22,75	0
22,77	3
22,78	0
22,80	2
22,82	0
22,83	0
22,85	2
22,86	0
22,88	3
22,90	0
22,91	0
22,93	0
22,94	1
22,96	0
22,98	0
22,99	2
23,01	1
23,02	1
23,04	1
23,05	0
23,07	0
23,09	1
23,10	0
23,12	0
23,13	0
23,15	0
23,17	1
23,18	0
23,20	0
23,21	0
23,23	0
23,25	0
23,26	2
23,28	1
23,29	1
23,31	1
23,33	0
23,34	1
23,36	1
23,37	0
23,39	1
23,41	1
23,42	0
23,44	1
23,45	0
23,47	0
23,48	0
23,50	0
23,52	1
23,53	1
23,55	0
23,56	1
23,58	1
23,60	0
23,61	0
23,63	1
23,64	1
23,66	5
23,68	0
23,69	0
23,71	0
23,72	0
23,74	1
23,76	0
23,77	0
23,79	1
23,80	0
23,82	0
23,84	4
23,85	2
23,87	0
23,88	0
23,90	0
23,91	0
23,93	0
23,95	0
23,96	1
23,98	1
23,99	1
24,01	1
24,03	1
24,04	0
24,06	0
24,07	2
24,09	0
24,11	1
24,12	1
24,14	1
24,15	0
24,17	1
24,19	0
24,20	0
24,22	0
24,23	0
24,25	1
24,27	0
24,28	1
24,30	1
24,31	0
24,33	1
24,34	0
24,36	0
24,38	3
24,39	1
24,41	1
24,42	1
24,44	3
24,46	0
24,47	0
24,49	0
24,50	0
24,52	0
24,54	1
24,55	1
24,57	0
24,58	2
24,60	0
24,62	0
24,63	0
24,65	0
24,66	1
24,68	1
24,70	0
24,71	0
24,73	1
24,74	1
24,76	0
24,77	0
24,79	2
24,81	1
24,82	0
24,84	1
24,85	0
24,87	1
24,89	0
24,90	0
24,92	0
24,93	1
24,95	1
24,97	0
24,98	2
25,00	0
25,01	1
25,03	0
25,05	1
25,06	1
25,08	0
25,09	0
25,11	1
25,13	2
25,14	0
25,16	0
25,17	0
25,19	0
25,20	1
25,22	1
25,24	0
25,25	0
25,27	0
25,28	0
25,30	0
25,32	2
25,33	1
25,35	0
25,36	0
25,38	1
25,40	0
25,41	0
25,43	0
25,44	1
25,46	2
25,48	1
25,49	1
25,51	2
25,52	1
25,54	0
25,56	1
25,57	0
25,59	1
25,60	1
25,62	1
25,63	2
25,65	1
25,67	0
25,68	1
25,70	0
25,71	0
25,73	0
25,75	0
25,76	0
25,78	0
25,79	0
25,81	0
25,83	0
25,84	0
25,86	1
25,87	0
25,89	0
25,91	0
25,92	0
25,94	0
25,95	1
25,97	2
25,99	1
26,00	0
26,02	0
26,03	0
26,05	0
26,06	0
26,08	0
26,10	1
26,11	1
26,13	0
26,14	1
26,16	0
26,18	1
26,19	1
26,21	0
26,22	0
26,24	0
26,26	1
26,27	0
26,29	1
26,30	0
26,32	1
26,34	0
26,35	1
26,37	0
26,38	1
26,40	0
26,42	1
26,43	0
26,45	0
26,46	1
26,48	1
26,49	1
26,51	1
26,53	1
26,54	2
26,56	0
26,57	2
26,59	2
26,61	0
26,62	0
26,64	0
26,65	0
26,67	0
26,69	4
26,70	1
26,72	1
26,73	3
26,75	0
26,77	0
26,78	0
26,80	0
26,81	0
26,83	0
26,85	2
26,86	0
26,88	1
26,89	0
26,91	1
26,92	0
26,94	0
26,96	0
26,97	2
26,99	1
27,00	1
27,02	1
27,04	0
27,05	0
27,07	1
27,08	0
27,10	0
27,12	0
27,13	1
27,15	1
27,16	0
27,18	1
27,20	0
27,21	1
27,23	0
27,24	0
27,26	0
27,28	0
27,29	0
27,31	0
27,32	1
27,34	0
27,35	1
27,37	0
27,39	0
27,40	0
27,42	0
27,43	0
27,45	0
27,47	1
27,48	0
27,50	0
27,51	1
27,53	1
27,55	1
27,56	1
27,58	0
27,59	1
27,61	0
27,63	2
27,64	1
27,66	1
27,67	0
27,69	2
27,71	1
27,72	0
27,74	0
27,75	0
27,77	1
27,78	1
27,80	0
27,82	0
27,83	0
27,85	1
27,86	1
27,88	0
27,90	0
27,91	0
27,93	1
27,94	0
27,96	0
27,98	1
27,99	1
28,01	0
28,02	0
28,04	3
28,06	2
28,07	2
28,09	2
28,10	0
28,12	0
28,14	0
28,15	0
28,17	2
28,18	0
28,20	1
28,21	1
28,23	1
28,25	0
28,26	1
28,28	2
28,29	0
28,31	0
28,33	0
28,34	0
28,36	0
28,37	0
28,39	0
28,41	3
28,42	1
28,44	1
28,45	1
28,47	1
28,49	0
28,50	1
28,52	1
28,53	0
28,55	0
28,57	1
28,58	1
28,60	3
28,61	0
28,63	0
28,64	2
28,66	2
28,68	0
28,69	1
28,71	1
28,72	1
28,74	0
28,76	0
28,77	0
28,79	1
28,80	2
28,82	0
28,84	0
28,85	0
28,87	0
28,88	2
28,90	0
28,92	0
28,93	1
28,95	0
28,96	1
28,98	0
28,99	0
29,01	0
29,03	1
29,04	5
29,06	0
29,07	1
29,09	2
29,11	1
29,12	0
29,14	1
29,15	0
29,17	2
29,19	0
29,20	0
29,22	1
29,23	1
29,25	1
29,27	0
29,28	0
29,30	0
29,31	1
29,33	0
29,35	3
29,36	0
29,38	0
29,39	1
29,41	0
29,42	0
29,44	1
29,46	0
29,47	1
29,49	0
29,50	0
29,52	0
29,54	1
29,55	1
29,57	0
29,58	0
29,60	0
29,62	0
29,63	0
29,65	1
29,66	1
29,68	0
29,70	0
29,71	0
29,73	0
29,74	0
29,76	1
29,78	0
29,79	0
29,81	1
29,82	0
29,84	1
29,85	0
29,87	1
29,89	0
29,90	0
29,92	1
29,93	0
29,95	0
29,97	0
29,98	0
30,00	0
30,01	0
30,03	0
30,05	0
30,06	0
30,08	0
30,09	0
30,11	1
30,13	0
30,14	1
30,16	2
30,17	0
30,19	3
30,21	0
30,22	0
30,24	0
30,25	0
30,27	1
30,28	1
30,30	0
30,32	1
30,33	0
30,35	0
30,36	1
30,38	1
30,40	1
30,41	0
30,43	2
30,44	0
30,46	0
30,48	1
30,49	0
30,51	0
30,52	0
30,54	0
30,56	1
30,57	0
30,59	0
30,60	1
30,62	0
30,64	0
30,65	0
30,67	2
30,68	0
30,70	1
30,71	0
30,73	0
30,75	1
30,76	0
30,78	0
30,79	1
30,81	1
30,83	0
30,84	0
30,86	0
30,87	1
30,89	0
30,91	0
30,92	0
30,94	0
30,95	0
30,97	1
30,99	0
31,00	0
31,02	1
31,03	1
31,05	0
31,07	0
31,08	0
31,10	1
31,11	2
31,13	0
31,14	1
31,16	0
31,18	0
31,19	1
31,21	1
31,22	2
31,24	0
31,26	1
31,27	0
31,29	1
31,30	3
31,32	1
31,34	0
31,35	1
31,37	0
31,38	1
31,40	1
31,42	0
31,43	1
31,45	0
31,46	0
31,48	0
31,50	0
31,51	0
31,53	0
31,54	0
31,56	0
31,57	0
31,59	1
31,61	1
31,62	1
31,64	1
31,65	2
31,67	2
31,69	1
31,70	1
31,72	1
31,73	0
31,75	0
31,77	0
31,78	0
31,80	0
31,81	0
31,83	1
31,85	1
31,86	0
31,88	1
31,89	0
31,91	1
31,93	0
31,94	0
31,96	0
31,97	3
31,99	1
32,00	1
32,02	0
32,04	0
32,05	1
32,07	2
32,08	1
32,10	2
32,12	2
32,13	0
32,15	0
32,16	2
32,18	1
32,20	1
32,21	2
32,23	0
32,24	1
32,26	0
32,28	1
32,29	1
32,31	0
32,32	2
32,34	1
32,36	2
32,37	0
32,39	1
32,40	1
32,42	2
32,43	1
32,45	0
32,47	0
32,48	3
32,50	1
32,51	1
32,53	1
32,55	1
32,56	2
32,58	1
32,59	3
32,61	2
32,63	1
32,64	0
32,66	1
32,67	0
32,69	1
32,71	1
32,72	1
32,74	1
32,75	0
32,77	0
32,79	1
32,80	0
32,82	0
32,83	4
32,85	1
32,86	3
32,88	0
32,90	1
32,91	2
32,93	1
32,94	3
32,96	0
32,98	0
32,99	3
33,01	0
33,02	0
33,04	0
33,06	1
33,07	1
33,09	1
33,10	0
33,12	0
33,14	0
33,15	0
33,17	0
33,18	2
33,20	0
33,22	2
33,23	0
33,25	1
33,26	1
33,28	2
33,29	1
33,31	1
33,33	1
33,34	0
33,36	1
33,37	0
33,39	2
33,41	0
33,42	1
33,44	0
33,45	1
33,47	3
33,49	1
33,50	1
33,52	0
33,53	1
33,55	0
33,57	0
33,58	0
33,60	0
33,61	0
33,63	1
33,65	1
33,66	3
33,68	0
33,69	1
33,71	0
33,72	0
33,74	0
33,76	2
33,77	0
33,79	0
33,80	2
33,82	1
33,84	3
33,85	0
33,87	0
33,88	0
33,90	0
33,92	2
33,93	1
33,95	1
33,96	0
33,98	3
34,00	0
34,01	0
34,03	1
34,04	1
34,06	0
34,08	1
34,09	2
34,11	0
34,12	0
34,14	0
34,15	0
34,17	1
34,19	0
34,20	0
34,22	0
34,23	0
34,25	0
34,27	1
34,28	1
34,30	2
34,31	0
34,33	0
34,35	1
34,36	0
34,38	0
34,39	1
34,41	1
34,43	0
34,44	3
34,46	0
34,47	0
34,49	1
34,51	0
34,52	0
34,54	1
34,55	0
34,57	1
34,58	1
34,60	0
34,62	0
34,63	1
34,65	0
34,66	0
34,68	0
34,70	0
34,71	0
34,73	0
34,74	1
34,76	0
34,78	1
34,79	0
34,81	1
34,82	1
34,84	0
34,86	0
34,87	0
34,89	0
34,90	0
34,92	0
34,94	0
34,95	0
34,97	1
34,98	0
35,00	0
35,01	0
35,03	1
35,05	0
35,06	0
35,08	2
35,09	0
35,11	1
35,13	0
35,14	0
35,16	1
35,17	0
35,19	1
35,21	0
35,22	0
35,24	0
35,25	0
35,27	0
35,29	0
35,30	0
35,32	0
35,33	0
35,35	0
35,36	0
35,38	0
35,40	0
35,41	0
35,43	0
35,44	0
35,46	0
35,48	0
35,49	0
35,51	0
35,52	0
35,54	1
35,56	0
35,57	1
35,59	0
35,60	1
35,62	2
35,64	0
35,65	2
35,67	0
35,68	0
35,70	0
35,72	0
35,73	0
35,75	1
35,76	1
35,78	0
35,79	0
35,81	0
35,83	0
35,84	0
35,86	0
35,87	0
35,89	0
35,91	0
35,92	0
35,94	0
35,95	0
35,97	0
35,99	0
36,00	0
36,02	0
36,03	0
36,05	0
36,07	0
36,08	2
36,10	0
36,11	0
36,13	0
36,15	0
36,16	0
36,18	1
36,19	0
36,21	0
36,22	0
36,24	1
36,26	0
36,27	1
36,29	0
36,30	0
36,32	0
36,34	1
36,35	0
36,37	1
36,38	0
36,40	0
36,42	0
36,43	0
36,45	0
36,46	2
36,48	0
36,50	0
36,51	1
36,53	0
36,54	0
36,56	0
36,58	0
36,59	0
36,61	0
36,62	0
36,64	0
36,65	0
36,67	0
36,69	0
36,70	0
36,72	0
36,73	0
36,75	0
36,77	0
36,78	0
36,80	0
36,81	0
36,83	0
36,85	0
36,86	0
36,88	0
36,89	0
36,91	0
36,93	1
36,94	1
36,96	0
36,97	0
36,99	1
37,01	1
37,02	0
37,04	1
37,05	0
37,07	0
37,08	0
37,10	0
37,12	0
37,13	0
37,15	0
37,16	0
37,18	1
37,20	0
37,21	0
37,23	0
37,24	0
37,26	0
37,28	0
37,29	0
37,31	0
37,32	1
37,34	0
37,36	0
37,37	0
37,39	0
37,40	0
37,42	0
37,44	0
37,45	0
37,47	0
37,48	0
37,50	0
37,51	0
37,53	0
37,55	0
37,56	0
37,58	0
37,59	0
37,61	0
37,63	0
37,64	0
37,66	0
37,67	0
37,69	0
37,71	0
37,72	0
37,74	0
37,75	0
37,77	0
37,79	0
37,80	0
37,82	0
37,83	0
37,85	1
37,87	0
37,88	0
37,90	0
37,91	0
37,93	0
37,94	0
37,96	1
37,98	0
37,99	0
38,01	0
38,02	0
38,04	0
38,06	0
38,07	0
38,09	0
38,10	0
38,12	0
38,14	0
38,15	0
38,17	0
38,18	0
38,20	0
38,22	0
38,23	0
38,25	0
38,26	0
38,28	0
38,30	0
38,31	0
38,33	0
38,34	0
38,36	0
38,37	0
38,39	0
38,41	0
38,42	0
38,44	1
38,45	1
38,47	0
38,49	0
38,50	0
38,52	0
38,53	0
38,55	0
38,57	0
38,58	0
38,60	0
38,61	0
38,63	0
38,65	0
38,66	0
38,68	0
38,69	0
38,71	0
38,73	0
38,74	0
38,76	0
38,77	0
38,79	0
38,80	1
38,82	0
38,84	0
38,85	0
38,87	0
38,88	0
38,90	0
38,92	0
38,93	0
38,95	0
38,96	0
38,98	1
39,00	0
39,01	0
39,03	1
39,04	0
39,06	0
39,08	0
39,09	0
39,11	0
39,12	0
39,14	0
39,16	0
39,17	0
39,19	0
39,20	0
39,22	0
39,23	0
39,25	0
39,27	0
39,28	0
39,30	0
39,31	0
39,33	0
39,35	0
39,36	0
39,38	0
39,39	0
39,41	0
39,43	0
39,44	1
39,46	0
39,47	0
39,49	0
39,51	0
39,52	0
39,54	1
39,55	0
39,57	0
39,59	0
39,60	0
39,62	0
39,63	0
39,65	0
39,66	1
39,68	0
39,70	0
39,71	0
39,73	0
39,74	0
39,76	0
39,78	0
39,79	0
39,81	0
39,82	0
39,84	0
39,86	0
39,87	0
39,89	0
39,90	0
39,92	1
39,94	0
39,95	0
39,97	0
39,98	0
40,00	0
40,02	0
40,03	0
40,05	0
40,06	0
40,08	0
40,09	1
40,11	1
40,13	0
40,14	0
40,16	0
40,17	0
40,19	0
40,21	0
40,22	0
40,24	0
40,25	0
40,27	0
40,29	0
40,30	1
40,32	0
40,33	0
40,35	0
40,37	0
40,38	0
40,40	0
40,41	0
40,43	0
40,45	1
40,46	0
40,48	0
40,49	1
40,51	0
40,52	0
40,54	0
40,56	0
40,57	0
40,59	0
40,60	0
40,62	0
40,64	0
40,65	0
40,67	0
40,68	0
40,70	0
40,72	0
40,73	0
40,75	0
40,76	0
40,78	0
40,80	0
40,81	0
40,83	0
40,84	0
40,86	0
40,88	0
40,89	0
40,91	0
40,92	0
40,94	0
40,95	0
40,97	0
40,99	0
41,00	0
41,02	0
41,03	0
41,05	0
41,07	0
41,08	1
41,10	1
41,11	0
41,13	0
41,15	0
41,16	0
41,18	0
41,19	0
41,21	0
41,23	0
41,24	0
41,26	0
41,27	0
41,29	0
41,31	0
41,32	0
41,34	0
41,35	0
41,37	0
41,38	0
41,40	1
41,42	0
41,43	0
41,45	0
41,46	1
41,48	0
41,50	1
41,51	0
41,53	1
41,54	0
41,56	0
41,58	0
41,59	0
41,61	0
41,62	1
41,64	0
41,66	0
41,67	0
41,69	0
41,70	0
41,72	0
41,73	0
41,75	0
41,77	0
41,78	0
41,80	0
41,81	0
41,83	0
41,85	0
41,86	0
41,88	0
41,89	0
41,91	0
41,93	0
41,94	1
41,96	0
41,97	0
41,99	0
42,01	0
42,02	1
42,04	1
42,05	0
42,07	0
42,09	1
42,10	0
42,12	0
42,13	0
42,15	0
42,16	0
42,18	0
42,20	0
42,21	0
42,23	0
42,24	0
42,26	0
42,28	0
42,29	0
42,31	0
42,32	0
42,34	0
42,36	1
42,37	0
42,39	0
42,40	0
42,42	0
42,44	0
42,45	1
42,47	0
42,48	0
42,50	0
42,52	0
42,53	1
42,55	0
42,56	0
42,58	1
42,59	0
42,61	0
42,63	0
42,64	0
42,66	0
42,67	0
42,69	0
42,71	1
42,72	0
42,74	1
42,75	0
42,77	0
42,79	0
42,80	0
42,82	0
42,83	0
42,85	0
42,87	0
42,88	0
42,90	0
42,91	0
42,93	0
42,95	0
42,96	0
42,98	0
42,99	0
43,01	0
43,02	0
43,04	0
43,06	0
43,07	0
43,09	0
43,10	0
43,12	0
43,14	0
43,15	0
43,17	0
43,18	1
43,20	0
43,22	0
43,23	0
43,25	1
43,26	1
43,28	0
43,30	0
43,31	0
43,33	0
43,34	0
43,36	0
43,38	0
43,39	0
43,41	0
43,42	1
43,44	0
43,45	0
43,47	0
43,49	0
43,50	0
43,52	0
43,53	0
43,55	0
43,57	1
43,58	0
43,60	0
43,61	0
43,63	0
43,65	0
43,66	0
43,68	0
43,69	0
43,71	0
43,73	0
43,74	0
43,76	0
43,77	0
43,79	1
43,81	0
43,82	0
43,84	0
43,85	0
43,87	0
43,88	0
43,90	0
43,92	0
43,93	0
43,95	0
43,96	1
43,98	0
44,00	0
44,01	0
44,03	1
44,04	0
44,06	0
44,08	0
44,09	0
44,11	0
44,12	0
44,14	0
44,16	0
44,17	0
44,19	0
44,20	0
44,22	0
44,24	0
44,25	0
44,27	0
44,28	1
44,30	0
44,31	0
44,33	0
44,35	0
44,36	0
44,38	0
44,39	0
44,41	0
44,43	0
44,44	0
44,46	0
44,47	0
44,49	0
44,51	0
44,52	0
44,54	0
44,55	0
44,57	0
44,59	0
44,60	0
44,62	0
44,63	0
44,65	0
44,67	0
44,68	0
44,70	0
44,71	0
44,73	0
44,74	0
44,76	0
44,78	0
44,79	0
44,81	0
44,82	0
44,84	0
44,86	0
44,87	0
44,89	0
44,90	0
44,92	0
44,94	0
44,95	0
44,97	0
44,98	0
45,00	0
45,02	0
45,03	0
45,05	0
45,06	0
45,08	0
45,10	0
45,11	0
45,13	0
45,14	0
45,16	1
45,17	0
45,19	0
45,21	0
45,22	0
45,24	0
45,25	1
45,27	0
45,29	0
45,30	0
45,32	1
45,33	0
45,35	0
45,37	0
45,38	0
45,40	0
45,41	0
45,43	0
45,45	0
45,46	0
45,48	0
45,49	0
45,51	0
45,53	0
45,54	0
45,56	0
45,57	0
45,59	0
45,60	0
45,62	0
45,64	0
45,65	0
45,67	0
45,68	0
45,70	0
45,72	0
45,73	0
45,75	1
45,76	0
45,78	0
45,80	0
45,81	0
45,83	0
45,84	0
45,86	1
45,88	0
45,89	0
45,91	0
45,92	0
45,94	0
45,96	0
45,97	0
45,99	0
46,00	0
46,02	0
46,03	0
46,05	0
46,07	0
46,08	0
46,10	0
46,11	0
46,13	0
46,15	0
46,16	0
46,18	0
46,19	0
46,21	0
46,23	0
46,24	0
46,26	0
46,27	0
46,29	1
46,31	0
46,32	0
46,34	0
46,35	0
46,37	0
46,39	0
46,40	0
46,42	0
46,43	0
46,45	0
46,46	0
46,48	0
46,50	0
46,51	0
46,53	0
46,54	0
46,56	0
46,58	0
46,59	0
46,61	1
46,62	0
46,64	0
46,66	0
46,67	0
46,69	0
46,70	0
46,72	0
46,74	0
46,75	0
46,77	0
46,78	0
46,80	0
46,82	0
46,83	0
46,85	0
46,86	0
46,88	0
46,89	0
46,91	0
46,93	0
46,94	0
46,96	0
46,97	0
46,99	1
47,01	0
47,02	0
47,04	0
47,05	0
47,07	0
47,09	0
47,10	0
47,12	0
47,13	0
47,15	0
47,17	0
47,18	0
47,20	0
47,21	0
47,23	0
47,25	0
47,26	0
47,28	0
47,29	0
47,31	0
47,32	0
47,34	0
47,36	0
47,37	0
47,39	0
47,40	0
47,42	1
47,44	0
47,45	1
47,47	0
47,48	0
47,50	0
47,52	0
47,53	0
47,55	1
47,56	2
47,58	1
47,60	0
47,61	0
47,63	0
47,64	1
47,66	0
47,68	0
47,69	0
47,71	0
47,72	0
47,74	0
47,75	0
47,77	0
47,79	1
47,80	0
47,82	0
47,83	0
47,85	0
47,87	0
47,88	0
47,90	0
47,91	0
47,93	0
47,95	0
47,96	0
47,98	0
47,99	0
48,01	0
48,03	0
48,04	1
48,06	0
48,07	0
48,09	0
48,10	0
48,12	0
48,14	0
48,15	2
48,17	0
48,18	0
48,20	0
48,22	0
48,23	0
48,25	0
48,26	0
48,28	0
48,30	0
48,31	0
48,33	0
48,34	0
48,36	0
48,38	0
48,39	0
48,41	0
48,42	0
48,44	0
48,46	0
48,47	0
48,49	0
48,50	0
48,52	0
48,53	0
48,55	0
48,57	0
48,58	0
48,60	0
48,61	0
48,63	0
48,65	0
48,66	0
48,68	0
48,69	0
48,71	0
48,73	0
48,74	0
48,76	0
48,77	0
48,79	0
48,81	0
48,82	0
48,84	0
48,85	0
48,87	0
48,89	0
48,90	0
48,92	0
48,93	0
48,95	0
48,96	0
48,98	0
49,00	0
49,01	0
49,03	1
49,04	0
49,06	0
49,08	0
49,09	0
49,11	0
49,12	0
49,14	0
49,16	0
49,17	0
49,19	0
49,20	0
49,22	1
49,24	0
49,25	0
49,27	0
49,28	0
49,30	0
49,32	0
49,33	0
49,35	0
49,36	0
49,38	0
49,39	1
49,41	0
49,43	0
49,44	0
49,46	0
49,47	0
49,49	0
49,51	0
49,52	0
49,54	0
49,55	0
49,57	0
49,59	0
49,60	1
49,62	0
49,63	0
49,65	0
49,67	0
49,68	0
49,70	0
49,71	0
49,73	0
49,75	0
49,76	0
49,78	0
49,79	0
49,81	0
49,82	0
49,84	0
49,86	0
49,87	0
49,89	0
49,90	0
49,92	0
49,94	0
49,95	0
49,97	0
49,98	0
50,00	0
50,02	0
50,03	0
50,05	0
50,06	0
50,08	0
50,10	0
50,11	0
50,13	0
50,14	0
50,16	1
50,18	0
50,19	0
50,21	0
50,22	0
50,24	0
50,25	0
50,27	0
50,29	0
50,30	0
50,32	0
50,33	0
50,35	0
50,37	0
50,38	0
50,40	0
50,41	0
50,43	0
50,45	0
50,46	0
50,48	0
50,49	0
50,51	0
50,53	0
50,54	0
50,56	0
50,57	0
50,59	0
50,61	1
50,62	0
50,64	0
50,65	0
50,67	0
50,68	0
50,70	0
50,72	1
50,73	0
50,75	0
50,76	0
50,78	0
50,80	0
50,81	0
50,83	0
50,84	0
50,86	0
50,88	0
50,89	0
50,91	0
50,92	0
50,94	0
50,96	0
50,97	0
50,99	0
51,00	0
51,02	0
51,04	0
51,05	0
51,07	0
51,08	0
51,10	0
51,11	0
51,13	0
51,15	0
51,16	1
51,18	0
51,19	0
51,21	0
51,23	0
51,24	0
51,26	0
51,27	0
51,29	0
51,31	0
51,32	0
51,34	0
51,35	0
51,37	1
51,39	0
51,40	0
51,42	0
51,43	0
51,45	0
51,47	0
51,48	0
51,50	0
51,51	0
51,53	0
51,54	0
51,56	0
51,58	0
51,59	0
51,61	0
51,62	0
51,64	0
51,66	0
51,67	0
51,69	0
51,70	0
51,72	0
51,74	0
51,75	0
51,77	0
51,78	0
51,80	0
51,82	0
51,83	0
51,85	0
51,86	0
51,88	0
51,90	0
51,91	0
51,93	0
51,94	0
51,96	0
51,97	0
51,99	0
52,01	0
52,02	0
52,04	0
52,05	0
52,07	0
52,09	0
52,10	0
52,12	0
52,13	0
52,15	0
52,17	0
52,18	0
52,20	0
52,21	0
52,23	0
52,25	0
52,26	0
52,28	0
52,29	0
52,31	0
52,33	0
52,34	0
52,36	0
52,37	0
52,39	0
52,40	0
52,42	0
52,44	0
52,45	0
52,47	0
52,48	0
52,50	0
52,52	0
52,53	0
52,55	0
52,56	0
52,58	0
52,60	0
52,61	0
52,63	0
52,64	0
52,66	0
52,68	0
52,69	0
52,71	0
52,72	0
52,74	0
52,76	0
52,77	0
52,79	0
52,80	1
52,82	0
52,83	0
52,85	0
52,87	0
52,88	0
52,90	0
52,91	0
52,93	0
52,95	0
52,96	0
52,98	0
52,99	0
53,01	0
53,03	0
53,04	0
53,06	0
53,07	0
53,09	0
53,11	0
53,12	0
53,14	0
53,15	0
53,17	0
53,19	0
53,20	0
53,22	0
53,23	0
53,25	0
53,26	0
53,28	0
53,30	0
53,31	0
53,33	0
53,34	0
53,36	0
53,38	0
53,39	0
53,41	0
53,42	0
53,44	0
53,46	0
53,47	0
53,49	1
53,50	0
53,52	0
53,54	0
53,55	0
53,57	1
53,58	0
53,60	0
53,62	0
53,63	0
53,65	0
53,66	0
53,68	0
53,69	0
53,71	0
53,73	0
53,74	0
53,76	0
53,77	0
53,79	0
53,81	0
53,82	0
53,84	0
53,85	0
53,87	0
53,89	0
53,90	0
53,92	0
53,93	0
53,95	0
53,97	0
53,98	0
54,00	0
54,01	1
54,03	0
54,05	0
54,06	0
54,08	0
54,09	0
54,11	0
54,12	0
54,14	0
54,16	0
54,17	0
54,19	0
54,20	0
54,22	0
54,24	0
54,25	0
54,27	0
54,28	0
54,30	0
54,32	0
54,33	0
54,35	0
54,36	0
54,38	0
54,40	0
54,41	0
54,43	0
54,44	0
54,46	0
54,47	0
54,49	0
54,51	0
54,52	0
54,54	0
54,55	0
54,57	0
54,59	0
54,60	0
54,62	0
54,63	0
54,65	0
54,67	0
54,68	0
54,70	0
54,71	0
54,73	0
54,75	0
54,76	0
54,78	0
54,79	0
54,81	0
54,83	0
54,84	0
54,86	0
54,87	0
54,89	0
54,90	0
54,92	0
54,94	0
54,95	0
54,97	0
54,98	0
55,00	1
55,02	0
55,03	0
55,05	0
55,06	0
55,08	0
55,10	0
55,11	0
55,13	0
55,14	0
55,16	0
55,18	0
55,19	0
55,21	0
55,22	0
55,24	0
55,26	0
55,27	0
55,29	0
55,30	0
55,32	0
55,33	0
55,35	0
55,37	0
55,38	0
55,40	0
55,41	0
55,43	0
55,45	0
55,46	1
55,48	0
55,49	0
55,51	0
55,53	0
55,54	0
55,56	1
55,57	0
55,59	0
55,61	0
55,62	0
55,64	0
55,65	0
55,67	0
55,69	0
55,70	0
55,72	0
55,73	0
55,75	0
55,76	0
55,78	0
55,80	0
55,81	0
55,83	0
55,84	0
55,86	0
55,88	0
55,89	0
55,91	1
55,92	0
55,94	0
55,96	0
55,97	0
55,99	0
56,00	0
56,02	0
56,04	0
56,05	0
56,07	0
56,08	0
56,10	0
56,12	0
56,13	0
56,15	0
56,16	0
56,18	0
56,19	0
56,21	0
56,23	0
56,24	0
56,26	0
56,27	0
56,29	0
56,31	0
56,32	0
56,34	0
56,35	0
56,37	0
56,39	0
56,40	0
56,42	0
56,43	0
56,45	0
56,47	0
56,48	0
56,50	0
56,51	0
56,53	0
56,55	0
56,56	0
56,58	0
56,59	0
56,61	0
56,62	0
56,64	0
56,66	0
56,67	0
56,69	0
56,70	0
56,72	0
56,74	0
56,75	1
56,77	0
56,78	0
56,80	0
56,82	0
56,83	0
56,85	0
56,86	0
56,88	0
56,90	0
56,91	0
56,93	0
56,94	0
56,96	0
56,98	0
56,99	1
57,01	0
57,02	0
57,04	0
57,05	0
57,07	0
57,09	0
57,10	0
57,12	0
57,13	0
57,15	0
57,17	0
57,18	0
57,20	0
57,21	0
57,23	0
57,25	0
57,26	0
57,28	0
57,29	0
57,31	0
57,33	0
57,34	0
57,36	0
57,37	0
57,39	0
57,41	0
57,42	0
57,44	0
57,45	0
57,47	0
57,48	0
57,50	0
57,52	0
57,53	0
57,55	0
57,56	0
57,58	0
57,60	0
57,61	0
57,63	0
57,64	0
57,66	0
57,68	0
57,69	0
57,71	0
57,72	0
57,74	0
57,76	0
57,77	0
57,79	0
57,80	0
57,82	0
57,84	0
57,85	0
57,87	0
57,88	0
57,90	0
57,91	0
57,93	0
57,95	0
57,96	0
57,98	0
57,99	0
58,01	0
58,03	0
58,04	0
58,06	0
58,07	0
58,09	0
58,11	0
58,12	0
58,14	0
58,15	0
58,17	0
58,19	0
58,20	0
58,22	0
58,23	0
58,25	0
58,27	0
58,28	0
58,30	0
58,31	0
58,33	0
58,34	0
58,36	0
58,38	0
58,39	0
58,41	0
58,42	0
58,44	0
58,46	0
58,47	0
58,49	0
58,50	0
58,52	1
58,54	0
58,55	0
58,57	0
58,58	0
58,60	0
58,62	0
58,63	0
58,65	0
58,66	0
58,68	0
58,70	0
58,71	0
58,73	0
58,74	0
58,76	0
58,77	0
58,79	0
58,81	0
58,82	0
58,84	0
58,85	0
58,87	0
58,89	0
58,90	0
58,92	0
58,93	0
58,95	0
58,97	0
58,98	0
59,00	0
59,01	0
59,03	0
59,05	0
59,06	0
59,08	0
59,09	0
59,11	0
59,13	0
59,14	0
59,16	0
59,17	0
59,19	0
59,20	1
59,22	0
59,24	0
59,25	0
59,27	0
59,28	0
59,30	0
59,32	0
59,33	0
59,35	0
59,36	0
59,38	0
59,40	0
59,41	0
59,43	0
59,44	0
59,46	0
59,48	0
59,49	0
59,51	0
59,52	0
59,54	0
59,56	0
59,57	0
59,59	0
59,60	0
59,62	0
59,63	0
59,65	0
59,67	0
59,68	0
59,70	0
59,71	0
59,73	0
59,75	0
59,76	0
59,78	0
59,79	0
59,81	0
59,83	0
59,84	0
59,86	0
59,87	0
59,89	0
59,91	0
59,92	0
59,94	0
59,95	0
59,97	0
59,99	0
60,00	0
60,02	0
60,03	0
60,05	0
60,06	0
60,08	0
60,10	0
60,11	0
60,13	0
60,14	0
60,16	0
60,18	0
60,19	0
60,21	0
60,22	0
60,24	0
60,26	0
60,27	0
60,29	0
60,30	0
60,32	0
60,34	0
60,35	0
60,37	0
60,38	0
60,40	0
60,42	0
60,43	0
60,45	0
60,46	0
60,48	0
60,49	0
60,51	0
60,53	0
60,54	0
60,56	0
60,57	0
60,59	0
60,61	0
60,62	0
60,64	0
60,65	0
60,67	0
60,69	0
60,70	0
60,72	0
60,73	0
60,75	0
60,77	0
60,78	0
60,80	0
60,81	0
60,83	0
60,84	0
60,86	0
60,88	0
60,89	0
60,91	0
60,92	0
60,94	0
60,96	0
60,97	0
60,99	0
61,00	0
61,02	0
61,04	0
61,05	0
61,07	0
61,08	0
61,10	0
61,12	0
61,13	0
61,15	0
61,16	0
61,18	0
61,20	0
61,21	0
61,23	0
61,24	0
61,26	0
61,27	0
61,29	0
61,31	0
61,32	0
61,34	0
61,35	0
61,37	0
61,39	0
61,40	0
61,42	0
61,43	0
61,45	0
61,47	0
61,48	0
61,50	0
61,51	0
61,53	0
61,55	0
61,56	0
61,58	0
61,59	0
61,61	0
61,63	0
61,64	0
61,66	0
61,67	0
61,69	0
61,70	0
61,72	0
61,74	0
61,75	0
61,77	0
61,78	0
61,80	0
61,82	0
61,83	0
61,85	0
61,86	0
61,88	0
61,90	0
61,91	0
61,93	1
61,94	0
61,96	0
61,98	0
61,99	0
62,01	0
62,02	0
62,04	0
62,06	0
62,07	0
62,09	0
62,10	0
62,12	0
62,13	0
62,15	0
62,17	0
62,18	0
62,20	0
62,21	0
62,23	0
62,25	0
62,26	0
62,28	0
62,29	0
62,31	0
62,33	0
62,34	0
62,36	0
62,37	0
62,39	0
62,41	0
62,42	0
62,44	0
62,45	0
62,47	0
62,49	0
62,50	0
62,52	0
62,53	0
62,55	0
62,56	0
62,58	0
62,60	0
62,61	0
62,63	0
62,64	0
62,66	0
62,68	0
62,69	0
62,71	0
62,72	0
62,74	0
62,76	0
62,77	0
62,79	0
62,80	0
62,82	0
62,84	0
62,85	0
62,87	0
62,88	0
62,90	0
62,92	0
62,93	0
62,95	0
62,96	0
62,98	0
62,99	0
63,01	0
63,03	0
63,04	0
63,06	0
63,07	0
63,09	0
63,11	0
63,12	0
63,14	0
63,15	0
63,17	0
63,19	0
63,20	0
63,22	0
63,23	0
63,25	0
63,27	0
63,28	0
63,30	0
63,31	0
63,33	0
63,35	0
63,36	0
63,38	0
63,39	0
63,41	0
63,42	0
63,44	0
63,46	0
63,47	0
63,49	0
63,50	0
63,52	0
63,54	0
63,55	0
63,57	0
63,58	0
63,60	0
63,62	0
63,63	0
63,65	0
63,66	0
63,68	0
63,70	0
63,71	0
63,73	0
63,74	0
63,76	0
63,78	0
63,79	0
63,81	0
63,82	0
63,84	0
63,85	0
63,87	0
63,89	0
63,90	0
63,92	0
63,93	0
63,95	0
63,97	0
63,98	0
64,00	0
64,01	0
64,03	0
64,05	0
64,06	0
64,08	0
64,09	0
64,11	0
64,13	0
64,14	0
64,16	0
64,17	0
64,19	0
64,21	0
64,22	0
64,24	0
64,25	0
64,27	0
64,28	0
64,30	0
64,32	0
64,33	0
64,35	0
64,36	0
64,38	0
64,40	0
64,41	0
64,43	0
64,44	0
64,46	0
64,48	0
64,49	0
64,51	0
64,52	1
64,54	0
64,56	0
64,57	0
64,59	0
64,60	0
64,62	0
64,64	0
64,65	0
64,67	0
64,68	0
64,70	0
64,71	0
64,73	0
64,75	0
64,76	0
64,78	0
64,79	0
64,81	0
64,83	0
64,84	0
64,86	0
64,87	0
64,89	0
64,91	0
64,92	0
64,94	0
64,95	0
64,97	0
64,99	0
65,00	0
65,02	0
65,03	0
65,05	0
65,07	0
65,08	0
65,10	0
65,11	0
65,13	0
65,14	0
65,16	0
65,18	0
65,19	0
65,21	0
65,22	0
65,24	0
65,26	0
65,27	0
65,29	0
65,30	0
65,32	0
65,34	0
65,35	0
65,37	0
65,38	0
65,40	0
65,42	0
65,43	0
65,45	0
65,46	0
65,48	0
65,50	0
65,51	0
65,53	0
65,54	0
65,56	0
65,57	0
65,59	0
65,61	0
65,62	0
65,64	0
65,65	0
65,67	0
65,69	0
65,70	0
65,72	0
65,73	0
65,75	0
65,77	0
65,78	0
65,80	0
65,81	0
65,83	0
65,85	0
65,86	0
65,88	0
65,89	0
65,91	0
65,93	0
65,94	0
65,96	0
65,97	0
65,99	0
66,00	0
66,02	0
66,04	0
66,05	0
66,07	0
66,08	0
66,10	0
66,12	0
66,13	0
66,15	0
66,16	0
66,18	0
66,20	0
66,21	0
66,23	0
66,24	0
66,26	0
66,28	0
66,29	0
66,31	0
66,32	0
66,34	0
66,36	0
66,37	0
66,39	0
66,40	0
66,42	0
66,43	0
66,45	0
66,47	0
66,48	0
66,50	0
66,51	0
66,53	0
66,55	0
66,56	0
66,58	0
66,59	0
66,61	0
66,63	0
66,64	0
66,66	0
66,67	0
66,69	0
66,71	0
66,72	0
66,74	0
66,75	0
66,77	0
66,79	0
66,80	0
66,82	0
66,83	0
66,85	0
66,86	0
66,88	0
66,90	0
66,91	0
66,93	0
66,94	0
66,96	0
66,98	0
66,99	0
67,01	0
67,02	0
67,04	0
67,06	0
67,07	0
67,09	0
67,10	0
67,12	0
67,14	0
67,15	0
67,17	0
67,18	0
67,20	0
67,21	0
67,23	0
67,25	0
67,26	0
67,28	0
67,29	0
67,31	0
67,33	0
67,34	0
67,36	0
67,37	0
67,39	0
67,41	0
67,42	0
67,44	0
67,45	0
67,47	0
67,49	0
67,50	0
67,52	0
67,53	0
67,55	0
67,57	0
67,58	0
67,60	0
67,61	0
67,63	0
67,64	0
67,66	0
67,68	0
67,69	0
67,71	0
67,72	0
67,74	0
67,76	0
67,77	0
67,79	0
67,80	0
67,82	0
67,84	0
67,85	0
67,87	0
67,88	0
67,90	0
67,92	0
67,93	0
67,95	0
67,96	0
67,98	0
68,00	0
68,01	0
68,03	0
68,04	0
68,06	0
68,07	0
68,09	0
68,11	0
68,12	0
68,14	0
68,15	0
68,17	0
68,19	0
68,20	0
68,22	0
68,23	0
68,25	0
68,27	0
68,28	0
68,30	0
68,31	0
68,33	0
68,35	0
68,36	0
68,38	0
68,39	0
68,41	0
68,43	0
68,44	0
68,46	0
68,47	0
68,49	0
68,50	0
68,52	0
68,54	0
68,55	0
68,57	0
68,58	0
68,60	0
68,62	0
68,63	0
68,65	0
68,66	0
68,68	0
68,70	0
68,71	0
68,73	0
68,74	0
68,76	0
68,78	0
68,79	0
68,81	0
68,82	0
68,84	0
68,86	0
68,87	0
68,89	0
68,90	0
68,92	0
68,93	0
68,95	0
68,97	0
68,98	0
69,00	0
69,01	0
69,03	0
69,05	0
69,06	0
69,08	0
69,09	0
69,11	0
69,13	0
69,14	0
69,16	0
69,17	0
69,19	0
69,21	0
69,22	0
69,24	0
69,25	0
69,27	0
69,29	0
69,30	0
69,32	0
69,33	0
69,35	0
69,36	0
69,38	0
69,40	0
69,41	0
69,43	0
69,44	0
69,46	0
69,48	0
69,49	0
69,51	0
69,52	0
69,54	0
69,56	0
69,57	0
69,59	0
69,60	0
69,62	0
69,64	0
69,65	0
69,67	0
69,68	0
69,70	0
69,72	0
69,73	0
69,75	0
69,76	0
69,78	0
69,79	0
69,81	0
69,83	0
69,84	0
69,86	0
69,87	0
69,89	0
69,91	0
69,92	0
69,94	0
69,95	0
69,97	0
69,99	0
70,00	0
70,02	0
70,03	0
70,05	0
70,07	0
70,08	0
70,10	0
