Energie	Impulse
E/keV	Impulse/#

6,40	0
6,41	0
6,43	0
6,45	0
6,46	0
6,48	0
6,49	0
6,51	0
6,52	0
6,54	0
6,56	0
6,57	0
6,59	0
6,60	0
6,62	0
6,64	0
6,65	0
6,67	0
6,68	0
6,70	0
6,72	0
6,73	0
6,75	0
6,76	0
6,78	0
6,80	0
6,81	0
6,83	0
6,84	0
6,86	0
6,88	0
6,89	0
6,91	0
6,92	0
6,94	0
6,95	0
6,97	0
6,99	0
7,00	0
7,02	0
7,03	0
7,05	0
7,07	0
7,08	0
7,10	0
7,11	0
7,13	0
7,15	0
7,16	0
7,18	0
7,19	0
7,21	0
7,23	0
7,24	0
7,26	0
7,27	0
7,29	0
7,31	0
7,32	0
7,34	0
7,35	0
7,37	0
7,38	0
7,40	0
7,42	0
7,43	1
7,45	0
7,46	0
7,48	0
7,50	1
7,51	0
7,53	0
7,54	0
7,56	0
7,58	0
7,59	0
7,61	0
7,62	1
7,64	0
7,66	1
7,67	0
7,69	0
7,70	0
7,72	1
7,74	0
7,75	1
7,77	1
7,78	0
7,80	1
7,81	2
7,83	2
7,85	1
7,86	0
7,88	2
7,89	1
7,91	0
7,93	0
7,94	2
7,96	1
7,97	2
7,99	0
8,01	0
8,02	0
8,04	3
8,05	0
8,07	1
8,09	0
8,10	1
8,12	0
8,13	0
8,15	1
8,17	1
8,18	1
8,20	1
8,21	0
8,23	0
8,24	6
8,26	2
8,28	0
8,29	1
8,31	0
8,32	2
8,34	0
8,36	1
8,37	2
8,39	2
8,40	3
8,42	5
8,44	0
8,45	0
8,47	2
8,48	2
8,50	2
8,52	1
8,53	1
8,55	0
8,56	0
8,58	0
8,60	4
8,61	0
8,63	1
8,64	0
8,66	1
8,67	2
8,69	1
8,71	2
8,72	1
8,74	2
8,75	1
8,77	2
8,79	0
8,80	0
8,82	1
8,83	1
8,85	2
8,87	0
8,88	1
8,90	2
8,91	3
8,93	0
8,95	0
8,96	1
8,98	1
8,99	5
9,01	1
9,03	2
9,04	3
9,06	4
9,07	0
9,09	0
9,10	1
9,12	1
9,14	3
9,15	0
9,17	2
9,18	0
9,20	0
9,22	1
9,23	1
9,25	0
9,26	0
9,28	1
9,30	2
9,31	0
9,33	0
9,34	3
9,36	6
9,38	0
9,39	2
9,41	2
9,42	1
9,44	0
9,46	1
9,47	2
9,49	1
9,50	1
9,52	0
9,53	0
9,55	1
9,57	0
9,58	3
9,60	3
9,61	0
9,63	3
9,65	6
9,66	1
9,68	2
9,69	2
9,71	0
9,73	2
9,74	0
9,76	3
9,77	3
9,79	0
9,81	0
9,82	1
9,84	4
9,85	1
9,87	0
9,88	3
9,90	0
9,92	4
9,93	0
9,95	0
9,96	0
9,98	3
10,00	0
10,01	1
10,03	2
10,04	0
10,06	2
10,08	0
10,09	0
10,11	1
10,12	1
10,14	0
10,16	5
10,17	0
10,19	1
10,20	1
10,22	0
10,24	1
10,25	1
10,27	0
10,28	2
10,30	3
10,31	2
10,33	2
10,35	0
10,36	2
10,38	0
10,39	2
10,41	3
10,43	0
10,44	0
10,46	2
10,47	1
10,49	5
10,51	2
10,52	5
10,54	3
10,55	3
10,57	3
10,59	1
10,60	0
10,62	2
10,63	3
10,65	2
10,67	3
10,68	2
10,70	1
10,71	3
10,73	1
10,74	4
10,76	3
10,78	2
10,79	7
10,81	4
10,82	2
10,84	3
10,86	2
10,87	4
10,89	1
10,90	1
10,92	3
10,94	1
10,95	2
10,97	1
10,98	3
11,00	1
11,02	4
11,03	2
11,05	4
11,06	3
11,08	1
11,10	3
11,11	0
11,13	1
11,14	1
11,16	2
11,17	4
11,19	3
11,21	2
11,22	4
11,24	3
11,25	1
11,27	1
11,29	1
11,30	6
11,32	2
11,33	2
11,35	2
11,37	3
11,38	2
11,40	1
11,41	4
11,43	5
11,45	0
11,46	2
11,48	3
11,49	1
11,51	5
11,53	4
11,54	4
11,56	5
11,57	4
11,59	3
11,60	5
11,62	4
11,64	3
11,65	5
11,67	0
11,68	2
11,70	6
11,72	3
11,73	1
11,75	3
11,76	5
11,78	2
11,80	6
11,81	6
11,83	5
11,84	5
11,86	4
11,88	2
11,89	4
11,91	1
11,92	8
11,94	4
11,96	2
11,97	2
11,99	2
12,00	3
12,02	4
12,03	3
12,05	2
12,07	5
12,08	5
12,10	4
12,11	2
12,13	5
12,15	5
12,16	8
12,18	4
12,19	10
12,21	4
12,23	4
12,24	6
12,26	2
12,27	7
12,29	5
12,31	4
12,32	5
12,34	9
12,35	6
12,37	5
12,39	4
12,40	5
12,42	5
12,43	11
12,45	10
12,46	6
12,48	14
12,50	6
12,51	2
12,53	13
12,54	7
12,56	6
12,58	9
12,59	5
12,61	6
12,62	3
12,64	7
12,66	12
12,67	12
12,69	10
12,70	9
12,72	11
12,74	17
12,75	15
12,77	8
12,78	6
12,80	9
12,82	17
12,83	9
12,85	6
12,86	14
12,88	7
12,89	12
12,91	11
12,93	16
12,94	18
12,96	11
12,97	11
12,99	14
13,01	14
13,02	10
13,04	15
13,05	12
13,07	14
13,09	20
13,10	17
13,12	14
13,13	17
13,15	20
13,17	21
13,18	11
13,20	14
13,21	19
13,23	23
13,25	26
13,26	18
13,28	20
13,29	17
13,31	22
13,32	16
13,34	20
13,36	15
13,37	32
13,39	21
13,40	15
13,42	26
13,44	20
13,45	34
13,47	18
13,48	18
13,50	21
13,52	33
13,53	21
13,55	27
13,56	26
13,58	28
13,60	21
13,61	34
13,63	29
13,64	19
13,66	31
13,68	27
13,69	24
13,71	26
13,72	33
13,74	27
13,75	30
13,77	35
13,79	33
13,80	24
13,82	27
13,83	27
13,85	41
13,87	36
13,88	41
13,90	29
13,91	44
13,93	38
13,95	44
13,96	37
13,98	29
13,99	40
14,01	31
14,03	36
14,04	21
14,06	47
14,07	39
14,09	39
14,11	51
14,12	28
14,14	54
14,15	44
14,17	42
14,18	50
14,20	46
14,22	33
14,23	47
14,25	48
14,26	54
14,28	49
14,30	45
14,31	38
14,33	46
14,34	48
14,36	42
14,38	48
14,39	52
14,41	55
14,42	41
14,44	55
14,46	48
14,47	59
14,49	59
14,50	76
14,52	57
14,54	101
14,55	42
14,57	74
14,58	68
14,60	61
14,61	72
14,63	55
14,65	60
14,66	53
14,68	53
14,69	76
14,71	57
14,73	68
14,74	58
14,76	69
14,77	61
14,79	71
14,81	64
14,82	84
14,84	66
14,85	69
14,87	61
14,89	65
14,90	77
14,92	71
14,93	72
14,95	75
14,97	56
14,98	84
15,00	80
15,01	57
15,03	70
15,04	109
15,06	69
15,08	75
15,09	96
15,11	114
15,12	83
15,14	85
15,16	67
15,17	69
15,19	70
15,20	89
15,22	73
15,24	79
15,25	91
15,27	95
15,28	92
15,30	79
15,32	83
15,33	77
15,35	88
15,36	107
15,38	77
15,40	81
15,41	85
15,43	96
15,44	72
15,46	99
15,47	75
15,49	111
15,51	94
15,52	92
15,54	102
15,55	104
15,57	77
15,59	85
15,60	95
15,62	106
15,63	114
15,65	91
15,67	109
15,68	95
15,70	75
15,71	91
15,73	83
15,75	92
15,76	119
15,78	91
15,79	109
15,81	120
15,83	83
15,84	93
15,86	96
15,87	118
15,89	92
15,90	96
15,92	94
15,94	88
15,95	85
15,97	109
15,98	79
16,00	128
16,02	91
16,03	116
16,05	105
16,06	119
16,08	100
16,10	110
16,11	80
16,13	88
16,14	129
16,16	93
16,18	113
16,19	87
16,21	78
16,22	117
16,24	81
16,25	85
16,27	102
16,29	88
16,30	96
16,32	98
16,33	67
16,35	90
16,37	87
16,38	99
16,40	99
16,41	79
16,43	89
16,45	84
16,46	66
16,48	102
16,49	74
16,51	95
16,53	81
16,54	85
16,56	85
16,57	111
16,59	66
16,61	77
16,62	64
16,64	91
16,65	79
16,67	71
16,68	96
16,70	70
16,72	60
16,73	94
16,75	73
16,76	82
16,78	90
16,80	70
16,81	77
16,83	73
16,84	62
16,86	60
16,88	83
16,89	62
16,91	64
16,92	59
16,94	69
16,96	59
16,97	63
16,99	54
17,00	54
17,02	56
17,04	56
17,05	53
17,07	52
17,08	73
17,10	35
17,11	41
17,13	58
17,15	50
17,16	70
17,18	49
17,19	62
17,21	54
17,23	40
17,24	57
17,26	43
17,27	40
17,29	49
17,31	34
17,32	48
17,34	34
17,35	45
17,37	35
17,39	41
17,40	33
17,42	30
17,43	32
17,45	48
17,47	38
17,48	28
17,50	42
17,51	36
17,53	31
17,54	31
17,56	34
17,58	27
17,59	32
17,61	32
17,62	40
17,64	34
17,66	32
17,67	44
17,69	17
17,70	32
17,72	29
17,74	21
17,75	29
17,77	16
17,78	29
17,80	30
17,82	22
17,83	26
17,85	26
17,86	20
17,88	23
17,90	16
17,91	22
17,93	36
17,94	17
17,96	17
17,97	19
17,99	11
18,01	20
18,02	13
18,04	30
18,05	27
18,07	22
18,09	14
18,10	21
18,12	13
18,13	8
18,15	11
18,17	19
18,18	19
18,20	11
18,21	19
18,23	23
18,25	14
18,26	21
18,28	16
18,29	19
18,31	22
18,33	18
18,34	10
18,36	12
18,37	20
18,39	7
18,40	12
18,42	14
18,44	17
18,45	18
18,47	15
18,48	12
18,50	18
18,52	17
18,53	10
18,55	18
18,56	10
18,58	14
18,60	8
18,61	14
18,63	8
18,64	15
18,66	12
18,68	9
18,69	10
18,71	13
18,72	12
18,74	11
18,76	11
18,77	13
18,79	6
18,80	12
18,82	8
18,83	11
18,85	4
18,87	10
18,88	7
18,90	4
18,91	9
18,93	11
18,95	10
18,96	11
18,98	13
18,99	8
19,01	6
19,03	8
19,04	16
19,06	10
19,07	5
19,09	5
19,11	11
19,12	4
19,14	12
19,15	3
19,17	8
19,19	2
19,20	10
19,22	2
19,23	6
19,25	3
19,26	3
19,28	9
19,30	7
19,31	1
19,33	6
19,34	2
19,36	5
19,38	2
19,39	4
19,41	6
19,42	4
19,44	3
19,46	6
19,47	4
19,49	2
19,50	1
19,52	3
19,54	2
19,55	4
19,57	5
19,58	4
19,60	4
19,62	2
19,63	2
19,65	3
19,66	3
19,68	4
19,69	5
19,71	4
19,73	2
19,74	4
19,76	2
19,77	2
19,79	2
19,81	0
19,82	1
19,84	4
19,85	5
19,87	3
19,89	2
19,90	3
19,92	1
19,93	0
19,95	4
19,97	1
19,98	2
20,00	2
20,01	2
20,03	1
20,05	3
20,06	1
20,08	1
20,09	1
20,11	1
20,12	1
20,14	1
20,16	0
20,17	1
20,19	2
20,20	3
20,22	1
20,24	2
20,25	2
20,27	1
20,28	0
20,30	0
20,32	2
20,33	1
20,35	1
20,36	3
20,38	1
20,40	3
20,41	0
20,43	2
20,44	3
20,46	0
20,48	0
20,49	1
20,51	0
20,52	3
20,54	2
20,55	0
20,57	0
20,59	3
20,60	1
20,62	0
20,63	2
20,65	0
20,67	0
20,68	3
20,70	0
20,71	2
20,73	0
20,75	0
20,76	0
20,78	1
20,79	1
20,81	2
20,83	2
20,84	2
20,86	0
20,87	0
20,89	0
20,91	1
20,92	5
20,94	1
20,95	0
20,97	2
20,98	3
21,00	0
21,02	2
21,03	2
21,05	3
21,06	0
21,08	1
21,10	0
21,11	1
21,13	3
21,14	0
21,16	5
21,18	3
21,19	0
21,21	1
21,22	0
21,24	4
21,26	0
21,27	4
21,29	3
21,30	1
21,32	1
21,34	1
21,35	4
21,37	0
21,38	2
21,40	0
21,41	1
21,43	4
21,45	3
21,46	2
21,48	0
21,49	3
21,51	3
21,53	3
21,54	2
21,56	1
21,57	0
21,59	1
21,61	3
21,62	2
21,64	2
21,65	0
21,67	1
21,69	0
21,70	1
21,72	1
21,73	0
21,75	1
21,77	2
21,78	0
21,80	1
21,81	1
21,83	0
21,84	2
21,86	0
21,88	4
21,89	0
21,91	1
21,92	0
21,94	0
21,96	2
21,97	2
21,99	4
22,00	1
22,02	2
22,04	2
22,05	0
22,07	3
22,08	0
22,10	2
22,12	1
22,13	4
22,15	0
22,16	1
22,18	5
22,20	2
22,21	1
22,23	2
22,24	0
22,26	1
22,27	0
22,29	0
22,31	1
22,32	4
22,34	1
22,35	2
22,37	2
22,39	0
22,40	3
22,42	3
22,43	1
22,45	0
22,47	1
22,48	0
22,50	2
22,51	0
22,53	1
22,55	1
22,56	0
22,58	0
22,59	1
22,61	0
22,62	0
22,64	0
22,66	2
22,67	2
22,69	2
22,70	1
22,72	1
22,74	0
22,75	2
22,77	1
22,78	1
22,80	2
22,82	1
22,83	1
22,85	1
22,86	1
22,88	0
22,90	1
22,91	1
22,93	1
22,94	6
22,96	0
22,98	1
22,99	1
23,01	0
23,02	0
23,04	2
23,05	2
23,07	1
23,09	0
23,10	2
23,12	2
23,13	1
23,15	0
23,17	2
23,18	2
23,20	2
23,21	0
23,23	1
23,25	1
23,26	1
23,28	2
23,29	1
23,31	3
23,33	0
23,34	0
23,36	1
23,37	1
23,39	0
23,41	1
23,42	0
23,44	1
23,45	1
23,47	3
23,48	2
23,50	2
23,52	0
23,53	2
23,55	0
23,56	2
23,58	3
23,60	0
23,61	0
23,63	0
23,64	0
23,66	2
23,68	0
23,69	0
23,71	2
23,72	0
23,74	3
23,76	1
23,77	2
23,79	0
23,80	0
23,82	1
23,84	1
23,85	0
23,87	0
23,88	2
23,90	1
23,91	3
23,93	1
23,95	3
23,96	1
23,98	0
23,99	3
24,01	1
24,03	3
24,04	2
24,06	1
24,07	1
24,09	0
24,11	1
24,12	1
24,14	1
24,15	0
24,17	2
24,19	1
24,20	0
24,22	1
24,23	3
24,25	1
24,27	2
24,28	1
24,30	0
24,31	1
24,33	2
24,34	2
24,36	0
24,38	2
24,39	2
24,41	1
24,42	1
24,44	0
24,46	2
24,47	1
24,49	1
24,50	0
24,52	1
24,54	2
24,55	0
24,57	1
24,58	2
24,60	2
24,62	0
24,63	3
24,65	2
24,66	3
24,68	0
24,70	1
24,71	4
24,73	1
24,74	0
24,76	3
24,77	3
24,79	0
24,81	1
24,82	0
24,84	6
24,85	0
24,87	0
24,89	0
24,90	0
24,92	0
24,93	1
24,95	2
24,97	0
24,98	1
25,00	0
25,01	1
25,03	1
25,05	1
25,06	0
25,08	1
25,09	0
25,11	1
25,13	0
25,14	1
25,16	0
25,17	0
25,19	0
25,20	0
25,22	0
25,24	0
25,25	1
25,27	0
25,28	2
25,30	2
25,32	0
25,33	2
25,35	1
25,36	2
25,38	0
25,40	1
25,41	3
25,43	2
25,44	0
25,46	1
25,48	0
25,49	0
25,51	1
25,52	0
25,54	1
25,56	2
25,57	0
25,59	0
25,60	2
25,62	0
25,63	0
25,65	1
25,67	1
25,68	1
25,70	1
25,71	1
25,73	1
25,75	2
25,76	2
25,78	2
25,79	1
25,81	3
25,83	0
25,84	2
25,86	2
25,87	0
25,89	1
25,91	0
25,92	0
25,94	0
25,95	2
25,97	1
25,99	0
26,00	0
26,02	0
26,03	1
26,05	4
26,06	0
26,08	2
26,10	2
26,11	1
26,13	4
26,14	3
26,16	1
26,18	1
26,19	2
26,21	3
26,22	0
26,24	1
26,26	2
26,27	4
26,29	2
26,30	1
26,32	4
26,34	0
26,35	2
26,37	0
26,38	4
26,40	0
26,42	2
26,43	2
26,45	0
26,46	0
26,48	2
26,49	1
26,51	1
26,53	0
26,54	0
26,56	0
26,57	0
26,59	1
26,61	0
26,62	1
26,64	1
26,65	2
26,67	0
26,69	0
26,70	0
26,72	1
26,73	1
26,75	5
26,77	4
26,78	1
26,80	1
26,81	1
26,83	1
26,85	3
26,86	2
26,88	0
26,89	0
26,91	1
26,92	1
26,94	1
26,96	1
26,97	0
26,99	0
27,00	1
27,02	1
27,04	0
27,05	3
27,07	1
27,08	0
27,10	4
27,12	3
27,13	1
27,15	1
27,16	1
27,18	0
27,20	1
27,21	1
27,23	0
27,24	3
27,26	1
27,28	2
27,29	1
27,31	3
27,32	1
27,34	1
27,35	1
27,37	2
27,39	1
27,40	1
27,42	1
27,43	1
27,45	0
27,47	2
27,48	1
27,50	1
27,51	1
27,53	2
27,55	0
27,56	0
27,58	0
27,59	2
27,61	2
27,63	2
27,64	0
27,66	0
27,67	1
27,69	2
27,71	1
27,72	0
27,74	1
27,75	0
27,77	1
27,78	2
27,80	1
27,82	3
27,83	1
27,85	0
27,86	0
27,88	3
27,90	1
27,91	1
27,93	0
27,94	0
27,96	1
27,98	1
27,99	1
28,01	1
28,02	2
28,04	1
28,06	0
28,07	3
28,09	3
28,10	0
28,12	2
28,14	1
28,15	0
28,17	1
28,18	1
28,20	1
28,21	4
28,23	2
28,25	3
28,26	1
28,28	0
28,29	1
28,31	1
28,33	0
28,34	1
28,36	2
28,37	0
28,39	2
28,41	1
28,42	0
28,44	0
28,45	1
28,47	0
28,49	3
28,50	0
28,52	1
28,53	0
28,55	1
28,57	2
28,58	1
28,60	2
28,61	0
28,63	1
28,64	2
28,66	0
28,68	3
28,69	0
28,71	1
28,72	3
28,74	0
28,76	1
28,77	1
28,79	1
28,80	0
28,82	1
28,84	0
28,85	0
28,87	2
28,88	0
28,90	1
28,92	1
28,93	1
28,95	1
28,96	0
28,98	2
28,99	0
29,01	3
29,03	2
29,04	0
29,06	1
29,07	2
29,09	2
29,11	1
29,12	1
29,14	1
29,15	1
29,17	0
29,19	0
29,20	2
29,22	4
29,23	1
29,25	2
29,27	0
29,28	1
29,30	0
29,31	1
29,33	0
29,35	1
29,36	2
29,38	0
29,39	2
29,41	1
29,42	1
29,44	0
29,46	3
29,47	1
29,49	1
29,50	0
29,52	1
29,54	1
29,55	3
29,57	2
29,58	3
29,60	1
29,62	1
29,63	2
29,65	6
29,66	0
29,68	0
29,70	0
29,71	3
29,73	1
29,74	1
29,76	0
29,78	0
29,79	1
29,81	0
29,82	0
29,84	1
29,85	2
29,87	1
29,89	0
29,90	2
29,92	1
29,93	1
29,95	1
29,97	1
29,98	1
30,00	1
30,01	0
30,03	1
30,05	0
30,06	1
30,08	5
30,09	0
30,11	0
30,13	0
30,14	2
30,16	2
30,17	1
30,19	3
30,21	0
30,22	1
30,24	1
30,25	0
30,27	0
30,28	2
30,30	1
30,32	3
30,33	1
30,35	2
30,36	0
30,38	2
30,40	0
30,41	2
30,43	5
30,44	0
30,46	2
30,48	0
30,49	0
30,51	1
30,52	1
30,54	0
30,56	1
30,57	1
30,59	1
30,60	2
30,62	2
30,64	0
30,65	2
30,67	1
30,68	1
30,70	0
30,71	7
30,73	0
30,75	0
30,76	2
30,78	0
30,79	1
30,81	2
30,83	2
30,84	3
30,86	1
30,87	1
30,89	0
30,91	5
30,92	0
30,94	1
30,95	6
30,97	0
30,99	0
31,00	2
31,02	2
31,03	1
31,05	3
31,07	0
31,08	1
31,10	2
31,11	2
31,13	2
31,14	0
31,16	1
31,18	0
31,19	2
31,21	3
31,22	0
31,24	2
31,26	1
31,27	4
31,29	2
31,30	4
31,32	3
31,34	3
31,35	2
31,37	2
31,38	1
31,40	0
31,42	1
31,43	7
31,45	2
31,46	1
31,48	1
31,50	0
31,51	3
31,53	3
31,54	0
31,56	7
31,57	3
31,59	2
31,61	1
31,62	0
31,64	2
31,65	2
31,67	0
31,69	3
31,70	1
31,72	2
31,73	1
31,75	1
31,77	2
31,78	0
31,80	4
31,81	2
31,83	1
31,85	1
31,86	2
31,88	1
31,89	1
31,91	1
31,93	2
31,94	1
31,96	2
31,97	0
31,99	2
32,00	1
32,02	1
32,04	1
32,05	7
32,07	3
32,08	0
32,10	2
32,12	4
32,13	2
32,15	2
32,16	0
32,18	0
32,20	2
32,21	0
32,23	3
32,24	1
32,26	0
32,28	1
32,29	1
32,31	2
32,32	4
32,34	3
32,36	1
32,37	0
32,39	2
32,40	1
32,42	2
32,43	1
32,45	1
32,47	1
32,48	1
32,50	4
32,51	2
32,53	0
32,55	0
32,56	3
32,58	0
32,59	0
32,61	1
32,63	2
32,64	0
32,66	2
32,67	1
32,69	5
32,71	5
32,72	0
32,74	3
32,75	2
32,77	1
32,79	1
32,80	0
32,82	2
32,83	1
32,85	1
32,86	3
32,88	3
32,90	2
32,91	1
32,93	0
32,94	2
32,96	1
32,98	2
32,99	3
33,01	0
33,02	1
33,04	1
33,06	0
33,07	2
33,09	1
33,10	4
33,12	3
33,14	2
33,15	2
33,17	1
33,18	2
33,20	2
33,22	4
33,23	1
33,25	4
33,26	2
33,28	0
33,29	3
33,31	2
33,33	2
33,34	0
33,36	3
33,37	0
33,39	0
33,41	1
33,42	1
33,44	2
33,45	1
33,47	2
33,49	1
33,50	1
33,52	0
33,53	2
33,55	4
33,57	2
33,58	1
33,60	3
33,61	2
33,63	0
33,65	2
33,66	1
33,68	0
33,69	1
33,71	3
33,72	1
33,74	1
33,76	3
33,77	1
33,79	0
33,80	1
33,82	2
33,84	0
33,85	0
33,87	0
33,88	0
33,90	2
33,92	0
33,93	1
33,95	1
33,96	1
33,98	0
34,00	1
34,01	2
34,03	0
34,04	0
34,06	1
34,08	0
34,09	0
34,11	0
34,12	1
34,14	2
34,15	2
34,17	3
34,19	1
34,20	1
34,22	1
34,23	0
34,25	1
34,27	1
34,28	0
34,30	1
34,31	1
34,33	0
34,35	1
34,36	2
34,38	0
34,39	1
34,41	0
34,43	0
34,44	1
34,46	0
34,47	0
34,49	1
34,51	1
34,52	1
34,54	1
34,55	0
34,57	0
34,58	0
34,60	0
34,62	1
34,63	0
34,65	1
34,66	0
34,68	0
34,70	1
34,71	1
34,73	0
34,74	1
34,76	1
34,78	1
34,79	0
34,81	2
34,82	2
34,84	0
34,86	0
34,87	0
34,89	0
34,90	1
34,92	0
34,94	1
34,95	0
34,97	0
34,98	0
35,00	0
35,01	1
35,03	0
35,05	1
35,06	0
35,08	0
35,09	0
35,11	2
35,13	0
35,14	1
35,16	1
35,17	1
35,19	1
35,21	1
35,22	1
35,24	0
35,25	0
35,27	1
35,29	2
35,30	0
35,32	1
35,33	0
35,35	2
35,36	0
35,38	1
35,40	0
35,41	1
35,43	1
35,44	0
35,46	0
35,48	1
35,49	1
35,51	0
35,52	1
35,54	0
35,56	0
35,57	0
35,59	2
35,60	0
35,62	1
35,64	2
35,65	0
35,67	0
35,68	0
35,70	1
35,72	0
35,73	1
35,75	1
35,76	0
35,78	0
35,79	0
35,81	0
35,83	0
35,84	0
35,86	0
35,87	0
35,89	0
35,91	0
35,92	0
35,94	0
35,95	0
35,97	0
35,99	0
36,00	0
36,02	0
36,03	0
36,05	1
36,07	0
36,08	1
36,10	1
36,11	3
36,13	1
36,15	0
36,16	1
36,18	0
36,19	0
36,21	0
36,22	0
36,24	0
36,26	0
36,27	0
36,29	1
36,30	0
36,32	1
36,34	0
36,35	2
36,37	0
36,38	0
36,40	0
36,42	0
36,43	0
36,45	0
36,46	0
36,48	0
36,50	0
36,51	0
36,53	0
36,54	0
36,56	0
36,58	0
36,59	0
36,61	0
36,62	0
36,64	0
36,65	0
36,67	0
36,69	1
36,70	0
36,72	0
36,73	0
36,75	1
36,77	1
36,78	0
36,80	0
36,81	0
36,83	0
36,85	0
36,86	0
36,88	0
36,89	0
36,91	0
36,93	0
36,94	0
36,96	0
36,97	1
36,99	0
37,01	0
37,02	0
37,04	0
37,05	0
37,07	0
37,08	0
37,10	0
37,12	0
37,13	0
37,15	1
37,16	0
37,18	0
37,20	0
37,21	0
37,23	0
37,24	0
37,26	0
37,28	0
37,29	0
37,31	0
37,32	0
37,34	0
37,36	0
37,37	1
37,39	0
37,40	0
37,42	0
37,44	1
37,45	0
37,47	0
37,48	0
37,50	0
37,51	1
37,53	0
37,55	0
37,56	0
37,58	0
37,59	0
37,61	0
37,63	0
37,64	0
37,66	0
37,67	0
37,69	1
37,71	0
37,72	1
37,74	0
37,75	0
37,77	0
37,79	0
37,80	0
37,82	0
37,83	0
37,85	0
37,87	0
37,88	2
37,90	1
37,91	0
37,93	0
37,94	0
37,96	0
37,98	0
37,99	0
38,01	0
38,02	1
38,04	0
38,06	0
38,07	0
38,09	0
38,10	0
38,12	0
38,14	0
38,15	0
38,17	0
38,18	0
38,20	1
38,22	0
38,23	1
38,25	0
38,26	0
38,28	0
38,30	1
38,31	0
38,33	0
38,34	0
38,36	0
38,37	0
38,39	1
38,41	0
38,42	0
38,44	0
38,45	0
38,47	2
38,49	0
38,50	0
38,52	0
38,53	0
38,55	0
38,57	1
38,58	0
38,60	0
38,61	0
38,63	0
38,65	0
38,66	0
38,68	0
38,69	0
38,71	0
38,73	0
38,74	0
38,76	0
38,77	0
38,79	1
38,80	0
38,82	0
38,84	0
38,85	0
38,87	0
38,88	0
38,90	1
38,92	0
38,93	0
38,95	0
38,96	0
38,98	0
39,00	1
39,01	0
39,03	0
39,04	0
39,06	0
39,08	0
39,09	0
39,11	0
39,12	0
39,14	0
39,16	0
39,17	0
39,19	0
39,20	0
39,22	0
39,23	0
39,25	0
39,27	0
39,28	0
39,30	0
39,31	0
39,33	0
39,35	0
39,36	0
39,38	0
39,39	1
39,41	0
39,43	0
39,44	0
39,46	0
39,47	1
39,49	0
39,51	0
39,52	0
39,54	1
39,55	0
39,57	0
39,59	0
39,60	0
39,62	0
39,63	0
39,65	0
39,66	1
39,68	0
39,70	0
39,71	0
39,73	0
39,74	0
39,76	0
39,78	0
39,79	0
39,81	1
39,82	0
39,84	0
39,86	0
39,87	0
39,89	0
39,90	0
39,92	0
39,94	1
39,95	0
39,97	0
39,98	0
40,00	0
40,02	0
40,03	1
40,05	0
40,06	0
40,08	0
40,09	0
40,11	0
40,13	0
40,14	0
40,16	0
40,17	0
40,19	0
40,21	0
40,22	0
40,24	1
40,25	0
40,27	0
40,29	1
40,30	0
40,32	0
40,33	0
40,35	0
40,37	0
40,38	0
40,40	0
40,41	0
40,43	0
40,45	1
40,46	0
40,48	0
40,49	0
40,51	0
40,52	0
40,54	0
40,56	1
40,57	0
40,59	0
40,60	0
40,62	0
40,64	0
40,65	0
40,67	1
40,68	0
40,70	0
40,72	0
40,73	0
40,75	0
40,76	0
40,78	1
40,80	0
40,81	0
40,83	0
40,84	0
40,86	0
40,88	0
40,89	1
40,91	0
40,92	0
40,94	0
40,95	0
40,97	0
40,99	0
41,00	0
41,02	0
41,03	0
41,05	0
41,07	0
41,08	0
41,10	0
41,11	0
41,13	0
41,15	0
41,16	0
41,18	0
41,19	1
41,21	0
41,23	0
41,24	0
41,26	0
41,27	0
41,29	0
41,31	1
41,32	0
41,34	0
41,35	1
41,37	0
41,38	0
41,40	0
41,42	0
41,43	0
41,45	0
41,46	2
41,48	0
41,50	0
41,51	0
41,53	0
41,54	0
41,56	0
41,58	0
41,59	0
41,61	0
41,62	0
41,64	0
41,66	0
41,67	0
41,69	0
41,70	0
41,72	0
41,73	0
41,75	0
41,77	0
41,78	1
41,80	0
41,81	0
41,83	0
41,85	1
41,86	1
41,88	0
41,89	0
41,91	0
41,93	0
41,94	0
41,96	0
41,97	0
41,99	0
42,01	1
42,02	0
42,04	0
42,05	0
42,07	0
42,09	0
42,10	0
42,12	1
42,13	0
42,15	0
42,16	0
42,18	0
42,20	0
42,21	0
42,23	0
42,24	0
42,26	0
42,28	0
42,29	0
42,31	0
42,32	0
42,34	0
42,36	1
42,37	0
42,39	0
42,40	0
42,42	0
42,44	0
42,45	0
42,47	0
42,48	0
42,50	0
42,52	1
42,53	0
42,55	1
42,56	0
42,58	0
42,59	0
42,61	1
42,63	0
42,64	0
42,66	0
42,67	0
42,69	0
42,71	0
42,72	0
42,74	0
42,75	1
42,77	0
42,79	0
42,80	0
42,82	0
42,83	1
42,85	0
42,87	0
42,88	0
42,90	0
42,91	0
42,93	0
42,95	0
42,96	0
42,98	1
42,99	0
43,01	0
43,02	0
43,04	0
43,06	0
43,07	0
43,09	0
43,10	0
43,12	1
43,14	0
43,15	2
43,17	0
43,18	0
43,20	0
43,22	0
43,23	0
43,25	0
43,26	0
43,28	0
43,30	0
43,31	0
43,33	0
43,34	0
43,36	1
43,38	0
43,39	0
43,41	0
43,42	0
43,44	0
43,45	0
43,47	1
43,49	2
43,50	0
43,52	0
43,53	0
43,55	0
43,57	2
43,58	0
43,60	1
43,61	0
43,63	0
43,65	0
43,66	0
43,68	0
43,69	1
43,71	0
43,73	0
43,74	0
43,76	0
43,77	0
43,79	0
43,81	1
43,82	0
43,84	0
43,85	0
43,87	0
43,88	0
43,90	0
43,92	0
43,93	0
43,95	0
43,96	0
43,98	0
44,00	0
44,01	0
44,03	0
44,04	0
44,06	0
44,08	0
44,09	0
44,11	0
44,12	0
44,14	0
44,16	0
44,17	0
44,19	0
44,20	0
44,22	0
44,24	0
44,25	0
44,27	0
44,28	0
44,30	0
44,31	0
44,33	0
44,35	0
44,36	0
44,38	0
44,39	0
44,41	1
44,43	0
44,44	0
44,46	0
44,47	0
44,49	0
44,51	0
44,52	0
44,54	0
44,55	0
44,57	1
44,59	1
44,60	0
44,62	0
44,63	0
44,65	0
44,67	0
44,68	0
44,70	0
44,71	0
44,73	0
44,74	0
44,76	0
44,78	0
44,79	0
44,81	0
44,82	0
44,84	0
44,86	1
44,87	1
44,89	1
44,90	0
44,92	0
44,94	0
44,95	0
44,97	0
44,98	0
45,00	0
45,02	0
45,03	0
45,05	0
45,06	0
45,08	0
45,10	0
45,11	0
45,13	0
45,14	0
45,16	0
45,17	0
45,19	0
45,21	0
45,22	0
45,24	0
45,25	0
45,27	0
45,29	0
45,30	0
45,32	0
45,33	0
45,35	0
45,37	0
45,38	0
45,40	0
45,41	0
45,43	0
45,45	0
45,46	0
45,48	0
45,49	0
45,51	1
45,53	0
45,54	0
45,56	0
45,57	0
45,59	1
45,60	0
45,62	0
45,64	0
45,65	0
45,67	0
45,68	0
45,70	0
45,72	0
45,73	0
45,75	0
45,76	0
45,78	0
45,80	0
45,81	0
45,83	0
45,84	0
45,86	0
45,88	0
45,89	0
45,91	0
45,92	0
45,94	0
45,96	0
45,97	0
45,99	0
46,00	0
46,02	1
46,03	0
46,05	0
46,07	0
46,08	0
46,10	0
46,11	0
46,13	0
46,15	0
46,16	0
46,18	1
46,19	0
46,21	0
46,23	0
46,24	0
46,26	0
46,27	0
46,29	0
46,31	0
46,32	0
46,34	0
46,35	0
46,37	0
46,39	0
46,40	0
46,42	0
46,43	0
46,45	0
46,46	0
46,48	0
46,50	0
46,51	0
46,53	0
46,54	0
46,56	0
46,58	0
46,59	0
46,61	0
46,62	0
46,64	0
46,66	0
46,67	0
46,69	0
46,70	0
46,72	0
46,74	0
46,75	1
46,77	0
46,78	0
46,80	0
46,82	0
46,83	0
46,85	0
46,86	0
46,88	0
46,89	0
46,91	1
46,93	0
46,94	0
46,96	0
46,97	0
46,99	0
47,01	1
47,02	0
47,04	0
47,05	0
47,07	0
47,09	0
47,10	0
47,12	0
47,13	0
47,15	1
47,17	0
47,18	0
47,20	0
47,21	0
47,23	0
47,25	0
47,26	0
47,28	0
47,29	0
47,31	0
47,32	0
47,34	0
47,36	0
47,37	0
47,39	0
47,40	0
47,42	0
47,44	0
47,45	0
47,47	0
47,48	0
47,50	0
47,52	0
47,53	0
47,55	0
47,56	0
47,58	2
47,60	0
47,61	0
47,63	0
47,64	0
47,66	0
47,68	0
47,69	0
47,71	1
47,72	0
47,74	1
47,75	1
47,77	0
47,79	0
47,80	0
47,82	0
47,83	0
47,85	0
47,87	1
47,88	0
47,90	0
47,91	0
47,93	0
47,95	0
47,96	0
47,98	0
47,99	0
48,01	0
48,03	0
48,04	0
48,06	0
48,07	0
48,09	0
48,10	0
48,12	0
48,14	0
48,15	1
48,17	0
48,18	0
48,20	1
48,22	0
48,23	0
48,25	0
48,26	0
48,28	0
48,30	0
48,31	1
48,33	0
48,34	0
48,36	0
48,38	0
48,39	0
48,41	0
48,42	0
48,44	0
48,46	0
48,47	0
48,49	0
48,50	0
48,52	0
48,53	0
48,55	0
48,57	0
48,58	0
48,60	0
48,61	0
48,63	0
48,65	0
48,66	0
48,68	0
48,69	0
48,71	0
48,73	0
48,74	0
48,76	0
48,77	0
48,79	0
48,81	0
48,82	0
48,84	0
48,85	0
48,87	0
48,89	1
48,90	0
48,92	0
48,93	0
48,95	0
48,96	0
48,98	0
49,00	0
49,01	0
49,03	0
49,04	0
49,06	0
49,08	0
49,09	0
49,11	0
49,12	0
49,14	0
49,16	0
49,17	0
49,19	0
49,20	0
49,22	0
49,24	0
49,25	0
49,27	0
49,28	0
49,30	0
49,32	0
49,33	0
49,35	0
49,36	0
49,38	1
49,39	0
49,41	2
49,43	0
49,44	0
49,46	0
49,47	0
49,49	0
49,51	0
49,52	0
49,54	0
49,55	0
49,57	1
49,59	0
49,60	0
49,62	0
49,63	0
49,65	0
49,67	0
49,68	0
49,70	0
49,71	0
49,73	0
49,75	0
49,76	0
49,78	0
49,79	0
49,81	0
49,82	0
49,84	0
49,86	0
49,87	0
49,89	0
49,90	0
49,92	0
49,94	0
49,95	1
49,97	1
49,98	0
50,00	0
50,02	0
50,03	0
50,05	0
50,06	0
50,08	0
50,10	0
50,11	0
50,13	0
50,14	0
50,16	0
50,18	0
50,19	0
50,21	1
50,22	0
50,24	0
50,25	0
50,27	0
50,29	1
50,30	0
50,32	0
50,33	0
50,35	0
50,37	0
50,38	0
50,40	0
50,41	0
50,43	0
50,45	0
50,46	0
50,48	0
50,49	0
50,51	0
50,53	0
50,54	0
50,56	0
50,57	0
50,59	0
50,61	0
50,62	0
50,64	2
50,65	0
50,67	0
50,68	0
50,70	0
50,72	0
50,73	0
50,75	0
50,76	0
50,78	0
50,80	0
50,81	0
50,83	0
50,84	0
50,86	0
50,88	1
50,89	0
50,91	0
50,92	0
50,94	1
50,96	0
50,97	0
50,99	0
51,00	0
51,02	0
51,04	0
51,05	0
51,07	0
51,08	0
51,10	0
51,11	0
51,13	0
51,15	0
51,16	1
51,18	0
51,19	0
51,21	0
51,23	0
51,24	0
51,26	0
51,27	1
51,29	0
51,31	0
51,32	0
51,34	0
51,35	0
51,37	0
51,39	0
51,40	0
51,42	0
51,43	0
51,45	0
51,47	1
51,48	0
51,50	0
51,51	0
51,53	0
51,54	0
51,56	0
51,58	0
51,59	0
51,61	0
51,62	0
51,64	0
51,66	0
51,67	0
51,69	0
51,70	1
51,72	0
51,74	0
51,75	0
51,77	0
51,78	0
51,80	0
51,82	0
51,83	0
51,85	0
51,86	1
51,88	0
51,90	0
51,91	0
51,93	1
51,94	0
51,96	0
51,97	0
51,99	0
52,01	0
52,02	0
52,04	0
52,05	0
52,07	0
52,09	0
52,10	0
52,12	0
52,13	0
52,15	0
52,17	0
52,18	0
52,20	0
52,21	0
52,23	0
52,25	0
52,26	0
52,28	0
52,29	0
52,31	0
52,33	0
52,34	0
52,36	0
52,37	0
52,39	0
52,40	0
52,42	0
52,44	1
52,45	0
52,47	0
52,48	0
52,50	0
52,52	0
52,53	0
52,55	0
52,56	0
52,58	0
52,60	0
52,61	0
52,63	0
52,64	0
52,66	0
52,68	0
52,69	0
52,71	0
52,72	0
52,74	1
52,76	0
52,77	0
52,79	0
52,80	1
52,82	0
52,83	0
52,85	0
52,87	0
52,88	0
52,90	0
52,91	0
52,93	0
52,95	0
52,96	0
52,98	0
52,99	0
53,01	0
53,03	0
53,04	0
53,06	1
53,07	1
53,09	0
53,11	0
53,12	0
53,14	1
53,15	0
53,17	0
53,19	0
53,20	0
53,22	0
53,23	0
53,25	0
53,26	0
53,28	0
53,30	0
53,31	0
53,33	0
53,34	0
53,36	0
53,38	0
53,39	0
53,41	0
53,42	0
53,44	0
53,46	0
53,47	0
53,49	0
53,50	0
53,52	0
53,54	0
53,55	0
53,57	0
53,58	0
53,60	0
53,62	0
53,63	0
53,65	0
53,66	0
53,68	0
53,69	0
53,71	0
53,73	0
53,74	0
53,76	0
53,77	0
53,79	0
53,81	0
53,82	0
53,84	0
53,85	0
53,87	0
53,89	0
53,90	0
53,92	0
53,93	0
53,95	0
53,97	1
53,98	0
54,00	0
54,01	0
54,03	0
54,05	0
54,06	0
54,08	0
54,09	0
54,11	0
54,12	0
54,14	0
54,16	0
54,17	0
54,19	0
54,20	0
54,22	0
54,24	0
54,25	0
54,27	0
54,28	0
54,30	0
54,32	0
54,33	0
54,35	0
54,36	0
54,38	0
54,40	0
54,41	0
54,43	0
54,44	0
54,46	0
54,47	0
54,49	0
54,51	0
54,52	0
54,54	0
54,55	0
54,57	0
54,59	0
54,60	0
54,62	0
54,63	0
54,65	0
54,67	0
54,68	0
54,70	0
54,71	0
54,73	0
54,75	0
54,76	0
54,78	0
54,79	0
54,81	0
54,83	0
54,84	0
54,86	0
54,87	0
54,89	0
54,90	0
54,92	0
54,94	0
54,95	0
54,97	0
54,98	1
55,00	0
55,02	1
55,03	0
55,05	0
55,06	0
55,08	0
55,10	0
55,11	0
55,13	1
55,14	0
55,16	0
55,18	0
55,19	0
55,21	0
55,22	0
55,24	0
55,26	0
55,27	0
55,29	0
55,30	0
55,32	0
55,33	0
55,35	0
55,37	0
55,38	0
55,40	0
55,41	0
55,43	0
55,45	0
55,46	0
55,48	0
55,49	1
55,51	0
55,53	0
55,54	0
55,56	0
55,57	1
55,59	0
55,61	0
55,62	0
55,64	0
55,65	0
55,67	0
55,69	0
55,70	0
55,72	0
55,73	0
55,75	1
55,76	0
55,78	0
55,80	0
55,81	0
55,83	0
55,84	0
55,86	0
55,88	0
55,89	0
55,91	0
55,92	0
55,94	0
55,96	0
55,97	0
55,99	0
56,00	0
56,02	0
56,04	0
56,05	0
56,07	0
56,08	0
56,10	0
56,12	0
56,13	0
56,15	0
56,16	0
56,18	0
56,19	0
56,21	0
56,23	0
56,24	0
56,26	0
56,27	0
56,29	0
56,31	0
56,32	0
56,34	0
56,35	0
56,37	0
56,39	0
56,40	0
56,42	0
56,43	0
56,45	0
56,47	0
56,48	0
56,50	0
56,51	0
56,53	0
56,55	0
56,56	0
56,58	0
56,59	0
56,61	0
56,62	0
56,64	0
56,66	0
56,67	0
56,69	0
56,70	0
56,72	0
56,74	0
56,75	0
56,77	0
56,78	0
56,80	0
56,82	0
56,83	0
56,85	0
56,86	0
56,88	0
56,90	0
56,91	0
56,93	0
56,94	0
56,96	0
56,98	1
56,99	0
57,01	0
57,02	0
57,04	0
57,05	0
57,07	0
57,09	0
57,10	0
57,12	0
57,13	0
57,15	0
57,17	0
57,18	0
57,20	0
57,21	0
57,23	0
57,25	0
57,26	0
57,28	0
57,29	0
57,31	0
57,33	0
57,34	0
57,36	0
57,37	0
57,39	0
57,41	0
57,42	0
57,44	0
57,45	0
57,47	0
57,48	0
57,50	0
57,52	0
57,53	0
57,55	0
57,56	0
57,58	0
57,60	1
57,61	0
57,63	0
57,64	0
57,66	0
57,68	0
57,69	0
57,71	0
57,72	0
57,74	0
57,76	0
57,77	0
57,79	0
57,80	0
57,82	0
57,84	0
57,85	0
57,87	0
57,88	0
57,90	0
57,91	0
57,93	0
57,95	0
57,96	0
57,98	0
57,99	0
58,01	0
58,03	0
58,04	0
58,06	0
58,07	0
58,09	0
58,11	0
58,12	0
58,14	0
58,15	0
58,17	0
58,19	0
58,20	0
58,22	0
58,23	0
58,25	0
58,27	0
58,28	0
58,30	0
58,31	0
58,33	0
58,34	0
58,36	0
58,38	0
58,39	0
58,41	0
58,42	0
58,44	0
58,46	0
58,47	0
58,49	0
58,50	0
58,52	0
58,54	0
58,55	0
58,57	0
58,58	0
58,60	0
58,62	0
58,63	0
58,65	0
58,66	0
58,68	0
58,70	0
58,71	0
58,73	0
58,74	0
58,76	0
58,77	0
58,79	0
58,81	0
58,82	0
58,84	0
58,85	0
58,87	1
58,89	0
58,90	0
58,92	1
58,93	0
58,95	0
58,97	0
58,98	0
59,00	0
59,01	0
59,03	0
59,05	0
59,06	0
59,08	0
59,09	0
59,11	0
59,13	0
59,14	0
59,16	0
59,17	0
59,19	0
59,20	0
59,22	0
59,24	0
59,25	0
59,27	0
59,28	0
59,30	0
59,32	0
59,33	0
59,35	0
59,36	0
59,38	0
59,40	0
59,41	0
59,43	0
59,44	0
59,46	0
59,48	0
59,49	0
59,51	0
59,52	0
59,54	0
59,56	0
59,57	0
59,59	0
59,60	0
59,62	0
59,63	0
59,65	0
59,67	0
59,68	0
59,70	0
59,71	0
59,73	0
59,75	0
59,76	0
59,78	0
59,79	0
59,81	0
59,83	0
59,84	0
59,86	0
59,87	0
59,89	0
59,91	0
59,92	0
59,94	0
59,95	0
59,97	0
59,99	0
60,00	0
60,02	0
60,03	0
60,05	0
60,06	0
60,08	0
60,10	0
60,11	0
60,13	0
60,14	0
60,16	0
60,18	0
60,19	0
60,21	0
60,22	0
60,24	0
60,26	0
60,27	0
60,29	0
60,30	0
60,32	0
60,34	0
60,35	0
60,37	1
60,38	0
60,40	0
60,42	0
60,43	0
60,45	0
60,46	0
60,48	0
60,49	0
60,51	0
60,53	0
60,54	0
60,56	0
60,57	0
60,59	0
60,61	0
60,62	0
60,64	0
60,65	0
60,67	0
60,69	0
60,70	0
60,72	0
60,73	0
60,75	0
60,77	0
60,78	0
60,80	0
60,81	0
60,83	0
60,84	0
60,86	0
60,88	0
60,89	0
60,91	0
60,92	0
60,94	0
60,96	0
60,97	0
60,99	0
61,00	0
61,02	0
61,04	0
61,05	0
61,07	0
61,08	0
61,10	0
61,12	0
61,13	1
61,15	0
61,16	0
61,18	0
61,20	0
61,21	0
61,23	0
61,24	0
61,26	0
61,27	0
61,29	0
61,31	0
61,32	0
61,34	0
61,35	0
61,37	0
61,39	0
61,40	0
61,42	0
61,43	0
61,45	0
61,47	0
61,48	0
61,50	0
61,51	0
61,53	0
61,55	0
61,56	0
61,58	0
61,59	0
61,61	0
61,63	0
61,64	0
61,66	0
61,67	0
61,69	0
61,70	0
61,72	0
61,74	0
61,75	0
61,77	0
61,78	0
61,80	0
61,82	0
61,83	0
61,85	0
61,86	0
61,88	0
61,90	0
61,91	0
61,93	0
61,94	0
61,96	0
61,98	0
61,99	0
62,01	0
62,02	0
62,04	0
62,06	0
62,07	0
62,09	0
62,10	0
62,12	0
62,13	0
62,15	0
62,17	0
62,18	0
62,20	0
62,21	0
62,23	0
62,25	0
62,26	0
62,28	0
62,29	0
62,31	0
62,33	0
62,34	0
62,36	0
62,37	0
62,39	0
62,41	0
62,42	1
62,44	0
62,45	0
62,47	0
62,49	0
62,50	0
62,52	0
62,53	0
62,55	0
62,56	0
62,58	0
62,60	0
62,61	0
62,63	0
62,64	0
62,66	0
62,68	0
62,69	0
62,71	0
62,72	0
62,74	0
62,76	0
62,77	0
62,79	0
62,80	0
62,82	0
62,84	0
62,85	0
62,87	0
62,88	0
62,90	0
62,92	0
62,93	0
62,95	0
62,96	0
62,98	0
62,99	0
63,01	0
63,03	0
63,04	0
63,06	0
63,07	0
63,09	0
63,11	0
63,12	0
63,14	0
63,15	0
63,17	0
63,19	0
63,20	0
63,22	0
63,23	0
63,25	0
63,27	0
63,28	0
63,30	0
63,31	0
63,33	0
63,35	0
63,36	0
63,38	0
63,39	0
63,41	0
63,42	0
63,44	0
63,46	0
63,47	0
63,49	0
63,50	0
63,52	0
63,54	0
63,55	0
63,57	0
63,58	0
63,60	0
63,62	0
63,63	0
63,65	0
63,66	0
63,68	0
63,70	0
63,71	0
63,73	0
63,74	0
63,76	0
63,78	0
63,79	0
63,81	0
63,82	0
63,84	0
63,85	0
63,87	0
63,89	0
63,90	0
63,92	0
63,93	0
63,95	0
63,97	0
63,98	0
64,00	0
64,01	0
64,03	0
64,05	0
64,06	0
64,08	0
64,09	0
64,11	0
64,13	0
64,14	0
64,16	0
64,17	0
64,19	0
64,21	0
64,22	0
64,24	0
64,25	0
64,27	0
64,28	0
64,30	0
64,32	0
64,33	0
64,35	0
64,36	0
64,38	0
64,40	0
64,41	0
64,43	0
64,44	0
64,46	0
64,48	0
64,49	1
64,51	0
64,52	0
64,54	0
64,56	0
64,57	0
64,59	0
64,60	0
64,62	0
64,64	0
64,65	0
64,67	0
64,68	0
64,70	0
64,71	0
64,73	0
64,75	0
64,76	1
64,78	0
64,79	0
64,81	0
64,83	0
64,84	0
64,86	0
64,87	0
64,89	0
64,91	0
64,92	0
64,94	0
64,95	0
64,97	0
64,99	0
65,00	0
65,02	0
65,03	0
65,05	0
65,07	0
65,08	0
65,10	0
65,11	0
65,13	0
65,14	0
65,16	0
65,18	0
65,19	0
65,21	0
65,22	0
65,24	0
65,26	0
65,27	0
65,29	0
65,30	0
65,32	0
65,34	0
65,35	0
65,37	0
65,38	0
65,40	0
65,42	0
65,43	0
65,45	0
65,46	0
65,48	0
65,50	0
65,51	0
65,53	0
65,54	0
65,56	0
65,57	0
65,59	0
65,61	0
65,62	0
65,64	0
65,65	0
65,67	0
65,69	0
65,70	0
65,72	0
65,73	0
65,75	0
65,77	0
65,78	0
65,80	0
65,81	0
65,83	1
65,85	0
65,86	0
65,88	0
65,89	0
65,91	0
65,93	0
65,94	0
65,96	0
65,97	0
65,99	0
66,00	0
66,02	0
66,04	0
66,05	0
66,07	0
66,08	0
66,10	0
66,12	0
66,13	0
66,15	0
66,16	0
66,18	0
66,20	0
66,21	0
66,23	0
66,24	0
66,26	0
66,28	0
66,29	0
66,31	0
66,32	0
66,34	0
66,36	0
66,37	0
66,39	0
66,40	0
66,42	0
66,43	0
66,45	0
66,47	0
66,48	0
66,50	0
66,51	0
66,53	0
66,55	0
66,56	0
66,58	0
66,59	0
66,61	0
66,63	0
66,64	0
66,66	0
66,67	0
66,69	1
66,71	0
66,72	0
66,74	0
66,75	0
66,77	0
66,79	0
66,80	0
66,82	0
66,83	0
66,85	1
66,86	0
66,88	0
66,90	0
66,91	0
66,93	0
66,94	0
66,96	0
66,98	0
66,99	0
67,01	0
67,02	0
67,04	0
67,06	0
67,07	0
67,09	0
67,10	0
67,12	0
67,14	0
67,15	0
67,17	0
67,18	0
67,20	0
67,21	0
67,23	0
67,25	0
67,26	0
67,28	0
67,29	0
67,31	0
67,33	0
67,34	0
67,36	0
67,37	0
67,39	0
67,41	0
67,42	0
67,44	0
67,45	0
67,47	0
67,49	0
67,50	0
67,52	0
67,53	0
67,55	0
67,57	0
67,58	0
67,60	0
67,61	0
67,63	0
67,64	0
67,66	0
67,68	0
67,69	0
67,71	0
67,72	0
67,74	0
67,76	0
67,77	0
67,79	0
67,80	0
67,82	0
67,84	0
67,85	0
67,87	0
67,88	0
67,90	0
67,92	0
67,93	0
67,95	1
67,96	0
67,98	0
68,00	0
68,01	0
68,03	0
68,04	0
68,06	0
68,07	0
68,09	0
68,11	0
68,12	0
68,14	0
68,15	0
68,17	0
68,19	0
68,20	0
68,22	0
68,23	0
68,25	0
68,27	0
68,28	0
68,30	0
68,31	0
68,33	0
68,35	0
68,36	0
68,38	0
68,39	0
68,41	0
68,43	0
68,44	0
68,46	0
68,47	0
68,49	0
68,50	0
68,52	0
68,54	0
68,55	0
68,57	0
68,58	0
68,60	0
68,62	0
68,63	0
68,65	0
68,66	0
68,68	0
68,70	0
68,71	0
68,73	0
68,74	0
68,76	0
68,78	0
68,79	0
68,81	0
68,82	0
68,84	0
68,86	0
68,87	0
68,89	0
68,90	0
68,92	0
68,93	0
68,95	0
68,97	0
68,98	0
69,00	0
69,01	0
69,03	0
69,05	0
69,06	0
69,08	0
69,09	0
69,11	0
69,13	0
69,14	0
69,16	0
69,17	0
69,19	0
69,21	0
69,22	0
69,24	0
69,25	0
69,27	0
69,29	0
69,30	0
69,32	0
69,33	0
69,35	0
69,36	0
69,38	0
69,40	0
69,41	0
69,43	0
69,44	0
69,46	0
69,48	0
69,49	0
69,51	0
69,52	0
69,54	0
69,56	0
69,57	0
69,59	0
69,60	0
69,62	0
69,64	0
69,65	0
69,67	0
69,68	0
69,70	0
69,72	0
69,73	0
69,75	0
69,76	0
69,78	0
69,79	0
69,81	0
69,83	0
69,84	0
69,86	0
69,87	0
69,89	0
69,91	0
69,92	0
69,94	0
69,95	0
69,97	0
69,99	0
70,00	0
70,02	0
70,03	0
70,05	0
70,07	0
70,08	0
70,10	0
