Energie	Impulse
E/keV	Impulse/#

6,40	0
6,41	0
6,43	0
6,45	1
6,46	0
6,48	0
6,49	1
6,51	1
6,52	0
6,54	0
6,56	0
6,57	1
6,59	0
6,60	0
6,62	0
6,64	0
6,65	0
6,67	0
6,68	0
6,70	0
6,72	0
6,73	0
6,75	0
6,76	0
6,78	0
6,80	1
6,81	0
6,83	0
6,84	0
6,86	0
6,88	0
6,89	0
6,91	0
6,92	0
6,94	0
6,95	0
6,97	0
6,99	0
7,00	0
7,02	0
7,03	0
7,05	1
7,07	0
7,08	0
7,10	0
7,11	0
7,13	0
7,15	1
7,16	0
7,18	1
7,19	3
7,21	3
7,23	6
7,24	7
7,26	26
7,27	20
7,29	21
7,31	32
7,32	24
7,34	29
7,35	32
7,37	23
7,38	33
7,40	28
7,42	19
7,43	24
7,45	25
7,46	23
7,48	17
7,50	18
7,51	18
7,53	20
7,54	8
7,56	11
7,58	16
7,59	18
7,61	13
7,62	12
7,64	10
7,66	13
7,67	10
7,69	10
7,70	12
7,72	6
7,74	9
7,75	4
7,77	2
7,78	10
7,80	8
7,81	8
7,83	10
7,85	6
7,86	2
7,88	5
7,89	6
7,91	3
7,93	1
7,94	10
7,96	11
7,97	6
7,99	4
8,01	4
8,02	5
8,04	1
8,05	3
8,07	4
8,09	3
8,10	3
8,12	1
8,13	4
8,15	1
8,17	3
8,18	1
8,20	4
8,21	4
8,23	0
8,24	3
8,26	1
8,28	0
8,29	3
8,31	2
8,32	2
8,34	0
8,36	3
8,37	1
8,39	0
8,40	1
8,42	3
8,44	1
8,45	2
8,47	3
8,48	0
8,50	4
8,52	2
8,53	2
8,55	0
8,56	0
8,58	1
8,60	1
8,61	4
8,63	1
8,64	0
8,66	2
8,67	0
8,69	0
8,71	0
8,72	0
8,74	3
8,75	5
8,77	1
8,79	0
8,80	1
8,82	0
8,83	2
8,85	0
8,87	0
8,88	0
8,90	1
8,91	0
8,93	3
8,95	1
8,96	1
8,98	0
8,99	1
9,01	0
9,03	0
9,04	0
9,06	1
9,07	2
9,09	0
9,10	2
9,12	2
9,14	2
9,15	1
9,17	1
9,18	1
9,20	3
9,22	1
9,23	1
9,25	0
9,26	2
9,28	0
9,30	1
9,31	3
9,33	2
9,34	1
9,36	1
9,38	4
9,39	0
9,41	1
9,42	0
9,44	1
9,46	2
9,47	0
9,49	0
9,50	0
9,52	1
9,53	0
9,55	2
9,57	0
9,58	1
9,60	4
9,61	3
9,63	0
9,65	4
9,66	4
9,68	2
9,69	3
9,71	0
9,73	3
9,74	1
9,76	0
9,77	0
9,79	1
9,81	4
9,82	0
9,84	5
9,85	4
9,87	1
9,88	0
9,90	3
9,92	1
9,93	1
9,95	2
9,96	1
9,98	0
10,00	0
10,01	0
10,03	0
10,04	0
10,06	1
10,08	2
10,09	0
10,11	2
10,12	2
10,14	0
10,16	0
10,17	2
10,19	0
10,20	0
10,22	0
10,24	3
10,25	1
10,27	1
10,28	2
10,30	4
10,31	2
10,33	2
10,35	4
10,36	1
10,38	4
10,39	3
10,41	1
10,43	1
10,44	3
10,46	2
10,47	1
10,49	0
10,51	2
10,52	0
10,54	1
10,55	0
10,57	1
10,59	3
10,60	2
10,62	3
10,63	0
10,65	0
10,67	1
10,68	0
10,70	0
10,71	1
10,73	2
10,74	1
10,76	2
10,78	0
10,79	1
10,81	0
10,82	1
10,84	0
10,86	1
10,87	1
10,89	1
10,90	0
10,92	0
10,94	1
10,95	0
10,97	2
10,98	0
11,00	2
11,02	1
11,03	1
11,05	1
11,06	1
11,08	0
11,10	2
11,11	0
11,13	4
11,14	1
11,16	2
11,17	1
11,19	3
11,21	1
11,22	2
11,24	1
11,25	1
11,27	3
11,29	4
11,30	2
11,32	1
11,33	0
11,35	0
11,37	4
11,38	0
11,40	3
11,41	4
11,43	0
11,45	0
11,46	0
11,48	0
11,49	0
11,51	0
11,53	1
11,54	3
11,56	2
11,57	4
11,59	2
11,60	0
11,62	0
11,64	0
11,65	0
11,67	1
11,68	0
11,70	1
11,72	0
11,73	1
11,75	1
11,76	3
11,78	0
11,80	1
11,81	0
11,83	0
11,84	0
11,86	1
11,88	1
11,89	1
11,91	0
11,92	2
11,94	0
11,96	0
11,97	2
11,99	1
12,00	0
12,02	0
12,03	1
12,05	0
12,07	0
12,08	1
12,10	0
12,11	1
12,13	0
12,15	1
12,16	0
12,18	3
12,19	2
12,21	1
12,23	1
12,24	0
12,26	0
12,27	3
12,29	0
12,31	4
12,32	1
12,34	2
12,35	1
12,37	0
12,39	2
12,40	0
12,42	2
12,43	0
12,45	2
12,46	1
12,48	0
12,50	1
12,51	0
12,53	1
12,54	1
12,56	2
12,58	2
12,59	0
12,61	2
12,62	2
12,64	2
12,66	0
12,67	0
12,69	4
12,70	0
12,72	1
12,74	1
12,75	0
12,77	1
12,78	2
12,80	1
12,82	2
12,83	1
12,85	0
12,86	2
12,88	2
12,89	2
12,91	5
12,93	0
12,94	0
12,96	0
12,97	0
12,99	2
13,01	0
13,02	0
13,04	0
13,05	3
13,07	0
13,09	1
13,10	2
13,12	0
13,13	0
13,15	0
13,17	2
13,18	1
13,20	0
13,21	0
13,23	1
13,25	1
13,26	2
13,28	2
13,29	3
13,31	2
13,32	2
13,34	0
13,36	5
13,37	2
13,39	0
13,40	1
13,42	2
13,44	1
13,45	2
13,47	3
13,48	1
13,50	0
13,52	0
13,53	1
13,55	4
13,56	3
13,58	0
13,60	3
13,61	2
13,63	3
13,64	1
13,66	1
13,68	3
13,69	0
13,71	2
13,72	0
13,74	2
13,75	1
13,77	3
13,79	1
13,80	2
13,82	1
13,83	2
13,85	1
13,87	0
13,88	2
13,90	0
13,91	3
13,93	2
13,95	2
13,96	0
13,98	4
13,99	2
14,01	1
14,03	0
14,04	0
14,06	0
14,07	0
14,09	2
14,11	1
14,12	2
14,14	1
14,15	3
14,17	0
14,18	1
14,20	0
14,22	1
14,23	1
14,25	2
14,26	0
14,28	2
14,30	1
14,31	2
14,33	2
14,34	2
14,36	0
14,38	2
14,39	1
14,41	1
14,42	0
14,44	4
14,46	1
14,47	4
14,49	0
14,50	0
14,52	0
14,54	1
14,55	0
14,57	0
14,58	1
14,60	0
14,61	1
14,63	1
14,65	3
14,66	2
14,68	1
14,69	0
14,71	0
14,73	1
14,74	2
14,76	1
14,77	0
14,79	3
14,81	1
14,82	0
14,84	0
14,85	0
14,87	0
14,89	1
14,90	0
14,92	1
14,93	2
14,95	2
14,97	1
14,98	2
15,00	1
15,01	0
15,03	0
15,04	3
15,06	1
15,08	5
15,09	4
15,11	1
15,12	0
15,14	0
15,16	4
15,17	1
15,19	0
15,20	1
15,22	1
15,24	2
15,25	1
15,27	1
15,28	2
15,30	1
15,32	0
15,33	0
15,35	2
15,36	2
15,38	1
15,40	1
15,41	1
15,43	1
15,44	2
15,46	2
15,47	3
15,49	1
15,51	1
15,52	1
15,54	2
15,55	0
15,57	2
15,59	2
15,60	1
15,62	2
15,63	2
15,65	0
15,67	0
15,68	2
15,70	2
15,71	0
15,73	3
15,75	1
15,76	2
15,78	1
15,79	2
15,81	2
15,83	1
15,84	4
15,86	0
15,87	1
15,89	0
15,90	1
15,92	1
15,94	3
15,95	1
15,97	1
15,98	0
16,00	3
16,02	1
16,03	2
16,05	1
16,06	1
16,08	0
16,10	1
16,11	4
16,13	1
16,14	2
16,16	3
16,18	7
16,19	2
16,21	0
16,22	1
16,24	3
16,25	5
16,27	3
16,29	2
16,30	1
16,32	2
16,33	4
16,35	1
16,37	0
16,38	0
16,40	3
16,41	3
16,43	3
16,45	3
16,46	1
16,48	3
16,49	1
16,51	4
16,53	2
16,54	3
16,56	3
16,57	3
16,59	1
16,61	0
16,62	7
16,64	5
16,65	5
16,67	2
16,68	3
16,70	4
16,72	6
16,73	3
16,75	2
16,76	0
16,78	2
16,80	2
16,81	3
16,83	2
16,84	1
16,86	4
16,88	1
16,89	4
16,91	1
16,92	0
16,94	3
16,96	1
16,97	2
16,99	2
17,00	2
17,02	0
17,04	4
17,05	4
17,07	4
17,08	3
17,10	2
17,11	3
17,13	1
17,15	5
17,16	5
17,18	3
17,19	1
17,21	5
17,23	4
17,24	4
17,26	0
17,27	3
17,29	4
17,31	5
17,32	2
17,34	5
17,35	1
17,37	1
17,39	8
17,40	3
17,42	9
17,43	5
17,45	4
17,47	5
17,48	4
17,50	4
17,51	4
17,53	6
17,54	3
17,56	5
17,58	3
17,59	5
17,61	4
17,62	5
17,64	9
17,66	7
17,67	8
17,69	1
17,70	10
17,72	5
17,74	3
17,75	4
17,77	5
17,78	13
17,80	1
17,82	8
17,83	5
17,85	7
17,86	6
17,88	10
17,90	6
17,91	4
17,93	7
17,94	3
17,96	8
17,97	9
17,99	3
18,01	4
18,02	8
18,04	8
18,05	9
18,07	4
18,09	9
18,10	12
18,12	8
18,13	6
18,15	7
18,17	5
18,18	5
18,20	8
18,21	7
18,23	4
18,25	9
18,26	4
18,28	6
18,29	10
18,31	10
18,33	12
18,34	13
18,36	10
18,37	14
18,39	10
18,40	12
18,42	11
18,44	18
18,45	11
18,47	12
18,48	8
18,50	14
18,52	16
18,53	14
18,55	13
18,56	16
18,58	10
18,60	6
18,61	17
18,63	10
18,64	15
18,66	16
18,68	16
18,69	17
18,71	14
18,72	25
18,74	13
18,76	25
18,77	24
18,79	16
18,80	22
18,82	19
18,83	12
18,85	18
18,87	14
18,88	20
18,90	16
18,91	23
18,93	22
18,95	22
18,96	19
18,98	30
18,99	27
19,01	23
19,03	26
19,04	25
19,06	28
19,07	22
19,09	22
19,11	28
19,12	32
19,14	16
19,15	17
19,17	38
19,19	28
19,20	27
19,22	21
19,23	37
19,25	15
19,26	23
19,28	39
19,30	23
19,31	22
19,33	37
19,34	29
19,36	28
19,38	36
19,39	31
19,41	30
19,42	25
19,44	37
19,46	33
19,47	39
19,49	42
19,50	35
19,52	37
19,54	44
19,55	30
19,57	35
19,58	37
19,60	49
19,62	36
19,63	44
19,65	27
19,66	34
19,68	56
19,69	31
19,71	47
19,73	37
19,74	55
19,76	44
19,77	52
19,79	37
19,81	37
19,82	43
19,84	58
19,85	41
19,87	51
19,89	42
19,90	49
19,92	42
19,93	54
19,95	41
19,97	55
19,98	49
20,00	50
20,01	37
20,03	46
20,05	56
20,06	49
20,08	57
20,09	50
20,11	63
20,12	43
20,14	53
20,16	57
20,17	55
20,19	55
20,20	53
20,22	49
20,24	50
20,25	56
20,27	47
20,28	40
20,30	66
20,32	54
20,33	51
20,35	78
20,36	69
20,38	62
20,40	72
20,41	67
20,43	75
20,44	67
20,46	49
20,48	48
20,49	53
20,51	66
20,52	68
20,54	58
20,55	89
20,57	63
20,59	66
20,60	66
20,62	82
20,63	81
20,65	85
20,67	42
20,68	78
20,70	71
20,71	64
20,73	81
20,75	61
20,76	87
20,78	71
20,79	59
20,81	82
20,83	76
20,84	80
20,86	59
20,87	85
20,89	62
20,91	66
20,92	77
20,94	74
20,95	84
20,97	85
20,98	70
21,00	53
21,02	102
21,03	81
21,05	83
21,06	66
21,08	69
21,10	85
21,11	82
21,13	71
21,14	82
21,16	110
21,18	59
21,19	84
21,21	88
21,22	82
21,24	78
21,26	88
21,27	90
21,29	76
21,30	61
21,32	96
21,34	68
21,35	80
21,37	90
21,38	93
21,40	70
21,41	63
21,43	91
21,45	67
21,46	86
21,48	77
21,49	88
21,51	76
21,53	88
21,54	65
21,56	78
21,57	88
21,59	66
21,61	93
21,62	76
21,64	66
21,65	86
21,67	82
21,69	56
21,70	62
21,72	95
21,73	73
21,75	77
21,77	75
21,78	99
21,80	61
21,81	80
21,83	90
21,84	69
21,86	83
21,88	109
21,89	63
21,91	75
21,92	72
21,94	68
21,96	90
21,97	77
21,99	72
22,00	75
22,02	51
22,04	65
22,05	49
22,07	61
22,08	63
22,10	60
22,12	79
22,13	84
22,15	62
22,16	70
22,18	79
22,20	47
22,21	49
22,23	83
22,24	60
22,26	67
22,27	65
22,29	65
22,31	70
22,32	42
22,34	72
22,35	38
22,37	49
22,39	60
22,40	73
22,42	49
22,43	63
22,45	49
22,47	59
22,48	53
22,50	64
22,51	57
22,53	47
22,55	53
22,56	46
22,58	45
22,59	66
22,61	52
22,62	54
22,64	53
22,66	54
22,67	45
22,69	57
22,70	21
22,72	49
22,74	56
22,75	43
22,77	59
22,78	37
22,80	50
22,82	44
22,83	35
22,85	44
22,86	38
22,88	35
22,90	44
22,91	47
22,93	28
22,94	44
22,96	32
22,98	43
22,99	32
23,01	41
23,02	38
23,04	24
23,05	40
23,07	33
23,09	26
23,10	35
23,12	18
23,13	32
23,15	28
23,17	27
23,18	41
23,20	36
23,21	25
23,23	47
23,25	28
23,26	27
23,28	34
23,29	26
23,31	27
23,33	27
23,34	31
23,36	25
23,37	22
23,39	27
23,41	31
23,42	34
23,44	27
23,45	19
23,47	32
23,48	19
23,50	28
23,52	32
23,53	30
23,55	26
23,56	30
23,58	20
23,60	15
23,61	27
23,63	13
23,64	20
23,66	13
23,68	16
23,69	18
23,71	20
23,72	15
23,74	16
23,76	19
23,77	11
23,79	19
23,80	9
23,82	19
23,84	15
23,85	12
23,87	23
23,88	11
23,90	10
23,91	24
23,93	9
23,95	15
23,96	17
23,98	14
23,99	9
24,01	14
24,03	15
24,04	11
24,06	9
24,07	12
24,09	8
24,11	9
24,12	17
24,14	6
24,15	12
24,17	10
24,19	16
24,20	6
24,22	9
24,23	10
24,25	7
24,27	8
24,28	9
24,30	15
24,31	9
24,33	15
24,34	15
24,36	7
24,38	15
24,39	9
24,41	11
24,42	8
24,44	12
24,46	9
24,47	13
24,49	7
24,50	5
24,52	6
24,54	8
24,55	8
24,57	14
24,58	7
24,60	8
24,62	13
24,63	11
24,65	1
24,66	7
24,68	6
24,70	6
24,71	2
24,73	18
24,74	3
24,76	9
24,77	8
24,79	4
24,81	9
24,82	3
24,84	7
24,85	3
24,87	5
24,89	2
24,90	9
24,92	3
24,93	3
24,95	7
24,97	6
24,98	4
25,00	4
25,01	8
25,03	11
25,05	7
25,06	3
25,08	12
25,09	7
25,11	4
25,13	5
25,14	1
25,16	2
25,17	8
25,19	6
25,20	4
25,22	3
25,24	7
25,25	4
25,27	4
25,28	5
25,30	8
25,32	2
25,33	2
25,35	5
25,36	1
25,38	6
25,40	2
25,41	5
25,43	2
25,44	4
25,46	4
25,48	5
25,49	1
25,51	2
25,52	5
25,54	9
25,56	6
25,57	1
25,59	4
25,60	0
25,62	2
25,63	2
25,65	5
25,67	3
25,68	4
25,70	2
25,71	6
25,73	4
25,75	6
25,76	1
25,78	2
25,79	3
25,81	2
25,83	3
25,84	3
25,86	7
25,87	2
25,89	2
25,91	2
25,92	4
25,94	3
25,95	1
25,97	3
25,99	1
26,00	1
26,02	1
26,03	1
26,05	3
26,06	4
26,08	4
26,10	1
26,11	6
26,13	3
26,14	2
26,16	4
26,18	2
26,19	3
26,21	2
26,22	3
26,24	5
26,26	3
26,27	2
26,29	4
26,30	4
26,32	4
26,34	3
26,35	4
26,37	4
26,38	2
26,40	3
26,42	6
26,43	6
26,45	2
26,46	2
26,48	2
26,49	0
26,51	3
26,53	1
26,54	3
26,56	3
26,57	1
26,59	2
26,61	3
26,62	3
26,64	1
26,65	1
26,67	2
26,69	1
26,70	2
26,72	2
26,73	1
26,75	1
26,77	3
26,78	1
26,80	5
26,81	7
26,83	3
26,85	4
26,86	1
26,88	0
26,89	6
26,91	0
26,92	0
26,94	1
26,96	4
26,97	1
26,99	0
27,00	3
27,02	1
27,04	2
27,05	5
27,07	1
27,08	2
27,10	5
27,12	4
27,13	4
27,15	3
27,16	3
27,18	1
27,20	5
27,21	2
27,23	2
27,24	4
27,26	4
27,28	3
27,29	3
27,31	3
27,32	1
27,34	1
27,35	6
27,37	2
27,39	3
27,40	0
27,42	1
27,43	1
27,45	1
27,47	3
27,48	3
27,50	0
27,51	2
27,53	2
27,55	0
27,56	1
27,58	4
27,59	2
27,61	2
27,63	1
27,64	2
27,66	4
27,67	2
27,69	0
27,71	5
27,72	1
27,74	4
27,75	3
27,77	1
27,78	6
27,80	1
27,82	0
27,83	5
27,85	2
27,86	3
27,88	1
27,90	1
27,91	1
27,93	5
27,94	2
27,96	2
27,98	1
27,99	3
28,01	0
28,02	2
28,04	2
28,06	3
28,07	1
28,09	3
28,10	1
28,12	0
28,14	0
28,15	2
28,17	1
28,18	2
28,20	3
28,21	2
28,23	4
28,25	0
28,26	1
28,28	3
28,29	0
28,31	1
28,33	1
28,34	3
28,36	3
28,37	3
28,39	1
28,41	2
28,42	1
28,44	2
28,45	5
28,47	5
28,49	3
28,50	3
28,52	1
28,53	3
28,55	3
28,57	4
28,58	0
28,60	5
28,61	0
28,63	1
28,64	0
28,66	2
28,68	4
28,69	0
28,71	1
28,72	2
28,74	0
28,76	1
28,77	3
28,79	1
28,80	2
28,82	2
28,84	3
28,85	2
28,87	2
28,88	3
28,90	3
28,92	1
28,93	1
28,95	2
28,96	6
28,98	3
28,99	3
29,01	1
29,03	1
29,04	0
29,06	0
29,07	2
29,09	3
29,11	3
29,12	1
29,14	3
29,15	0
29,17	5
29,19	1
29,20	4
29,22	2
29,23	4
29,25	1
29,27	1
29,28	4
29,30	2
29,31	3
29,33	3
29,35	0
29,36	4
29,38	3
29,39	4
29,41	0
29,42	5
29,44	5
29,46	0
29,47	2
29,49	1
29,50	3
29,52	6
29,54	1
29,55	1
29,57	0
29,58	0
29,60	1
29,62	2
29,63	3
29,65	3
29,66	1
29,68	2
29,70	4
29,71	5
29,73	1
29,74	2
29,76	3
29,78	2
29,79	2
29,81	2
29,82	2
29,84	2
29,85	1
29,87	4
29,89	3
29,90	4
29,92	1
29,93	1
29,95	4
29,97	2
29,98	7
30,00	2
30,01	2
30,03	1
30,05	1
30,06	1
30,08	1
30,09	0
30,11	1
30,13	0
30,14	3
30,16	1
30,17	1
30,19	1
30,21	1
30,22	4
30,24	0
30,25	2
30,27	2
30,28	2
30,30	4
30,32	1
30,33	2
30,35	3
30,36	2
30,38	1
30,40	2
30,41	2
30,43	4
30,44	3
30,46	2
30,48	0
30,49	0
30,51	4
30,52	1
30,54	0
30,56	3
30,57	3
30,59	1
30,60	0
30,62	8
30,64	1
30,65	2
30,67	0
30,68	1
30,70	3
30,71	2
30,73	1
30,75	2
30,76	0
30,78	0
30,79	2
30,81	0
30,83	1
30,84	1
30,86	0
30,87	4
30,89	1
30,91	1
30,92	3
30,94	1
30,95	1
30,97	0
30,99	2
31,00	4
31,02	2
31,03	0
31,05	4
31,07	2
31,08	3
31,10	3
31,11	1
31,13	1
31,14	0
31,16	1
31,18	1
31,19	1
31,21	6
31,22	3
31,24	3
31,26	2
31,27	0
31,29	3
31,30	3
31,32	5
31,34	3
31,35	1
31,37	0
31,38	3
31,40	2
31,42	1
31,43	0
31,45	1
31,46	1
31,48	3
31,50	1
31,51	3
31,53	3
31,54	5
31,56	3
31,57	0
31,59	1
31,61	5
31,62	0
31,64	4
31,65	0
31,67	2
31,69	1
31,70	3
31,72	1
31,73	1
31,75	1
31,77	0
31,78	1
31,80	5
31,81	1
31,83	3
31,85	0
31,86	3
31,88	1
31,89	0
31,91	2
31,93	4
31,94	0
31,96	1
31,97	2
31,99	0
32,00	1
32,02	2
32,04	3
32,05	4
32,07	3
32,08	2
32,10	1
32,12	1
32,13	1
32,15	3
32,16	1
32,18	2
32,20	2
32,21	2
32,23	0
32,24	4
32,26	5
32,28	2
32,29	1
32,31	0
32,32	1
32,34	1
32,36	0
32,37	1
32,39	0
32,40	0
32,42	1
32,43	2
32,45	6
32,47	0
32,48	3
32,50	4
32,51	2
32,53	7
32,55	1
32,56	2
32,58	1
32,59	1
32,61	3
32,63	0
32,64	0
32,66	1
32,67	3
32,69	2
32,71	0
32,72	1
32,74	1
32,75	0
32,77	2
32,79	3
32,80	1
32,82	2
32,83	1
32,85	1
32,86	3
32,88	1
32,90	0
32,91	1
32,93	2
32,94	2
32,96	3
32,98	4
32,99	0
33,01	1
33,02	1
33,04	5
33,06	5
33,07	4
33,09	1
33,10	3
33,12	0
33,14	0
33,15	2
33,17	4
33,18	0
33,20	3
33,22	2
33,23	3
33,25	5
33,26	0
33,28	3
33,29	2
33,31	0
33,33	2
33,34	2
33,36	3
33,37	4
33,39	1
33,41	1
33,42	2
33,44	2
33,45	0
33,47	4
33,49	1
33,50	2
33,52	2
33,53	4
33,55	1
33,57	3
33,58	3
33,60	3
33,61	2
33,63	0
33,65	3
33,66	2
33,68	4
33,69	1
33,71	2
33,72	2
33,74	1
33,76	2
33,77	1
33,79	1
33,80	0
33,82	2
33,84	2
33,85	0
33,87	3
33,88	1
33,90	4
33,92	5
33,93	3
33,95	3
33,96	3
33,98	2
34,00	2
34,01	1
34,03	1
34,04	4
34,06	0
34,08	4
34,09	2
34,11	2
34,12	1
34,14	5
34,15	3
34,17	3
34,19	2
34,20	4
34,22	5
34,23	1
34,25	1
34,27	3
34,28	4
34,30	4
34,31	0
34,33	3
34,35	1
34,36	1
34,38	5
34,39	3
34,41	6
34,43	3
34,44	1
34,46	1
34,47	3
34,49	3
34,51	1
34,52	0
34,54	2
34,55	1
34,57	2
34,58	4
34,60	2
34,62	1
34,63	1
34,65	3
34,66	2
34,68	1
34,70	1
34,71	2
34,73	1
34,74	0
34,76	2
34,78	5
34,79	3
34,81	2
34,82	3
34,84	3
34,86	1
34,87	5
34,89	2
34,90	1
34,92	2
34,94	0
34,95	5
34,97	5
34,98	1
35,00	2
35,01	2
35,03	3
35,05	1
35,06	1
35,08	5
35,09	2
35,11	4
35,13	2
35,14	0
35,16	2
35,17	6
35,19	6
35,21	0
35,22	1
35,24	2
35,25	0
35,27	1
35,29	3
35,30	3
35,32	3
35,33	1
35,35	2
35,36	0
35,38	3
35,40	4
35,41	3
35,43	3
35,44	2
35,46	1
35,48	9
35,49	4
35,51	6
35,52	2
35,54	3
35,56	4
35,57	0
35,59	3
35,60	1
35,62	2
35,64	2
35,65	2
35,67	3
35,68	2
35,70	2
35,72	1
35,73	4
35,75	1
35,76	2
35,78	2
35,79	4
35,81	3
35,83	2
35,84	1
35,86	4
35,87	1
35,89	2
35,91	1
35,92	4
35,94	5
35,95	4
35,97	0
35,99	6
36,00	4
36,02	8
36,03	0
36,05	5
36,07	3
36,08	7
36,10	3
36,11	6
36,13	1
36,15	3
36,16	3
36,18	2
36,19	0
36,21	1
36,22	2
36,24	4
36,26	1
36,27	1
36,29	6
36,30	4
36,32	0
36,34	3
36,35	8
36,37	1
36,38	1
36,40	5
36,42	1
36,43	3
36,45	3
36,46	6
36,48	4
36,50	2
36,51	0
36,53	7
36,54	1
36,56	2
36,58	2
36,59	3
36,61	2
36,62	0
36,64	2
36,65	5
36,67	2
36,69	2
36,70	1
36,72	3
36,73	4
36,75	2
36,77	3
36,78	2
36,80	4
36,81	5
36,83	2
36,85	3
36,86	2
36,88	1
36,89	6
36,91	3
36,93	6
36,94	3
36,96	1
36,97	1
36,99	1
37,01	1
37,02	6
37,04	4
37,05	1
37,07	4
37,08	3
37,10	3
37,12	4
37,13	2
37,15	1
37,16	4
37,18	4
37,20	3
37,21	3
37,23	4
37,24	3
37,26	4
37,28	3
37,29	1
37,31	1
37,32	4
37,34	3
37,36	4
37,37	5
37,39	1
37,40	2
37,42	7
37,44	4
37,45	3
37,47	1
37,48	1
37,50	1
37,51	1
37,53	5
37,55	3
37,56	0
37,58	5
37,59	1
37,61	2
37,63	6
37,64	4
37,66	4
37,67	2
37,69	4
37,71	10
37,72	2
37,74	7
37,75	6
37,77	3
37,79	5
37,80	3
37,82	1
37,83	2
37,85	4
37,87	1
37,88	3
37,90	0
37,91	5
37,93	6
37,94	1
37,96	4
37,98	9
37,99	2
38,01	2
38,02	4
38,04	5
38,06	3
38,07	2
38,09	5
38,10	2
38,12	3
38,14	3
38,15	1
38,17	2
38,18	2
38,20	2
38,22	4
38,23	2
38,25	3
38,26	6
38,28	4
38,30	5
38,31	2
38,33	3
38,34	3
38,36	2
38,37	4
38,39	3
38,41	5
38,42	3
38,44	1
38,45	3
38,47	4
38,49	1
38,50	3
38,52	3
38,53	0
38,55	5
38,57	2
38,58	2
38,60	2
38,61	4
38,63	4
38,65	2
38,66	2
38,68	1
38,69	2
38,71	0
38,73	1
38,74	3
38,76	1
38,77	1
38,79	1
38,80	0
38,82	2
38,84	3
38,85	4
38,87	0
38,88	1
38,90	5
38,92	1
38,93	2
38,95	1
38,96	3
38,98	2
39,00	2
39,01	4
39,03	2
39,04	0
39,06	2
39,08	2
39,09	6
39,11	7
39,12	0
39,14	0
39,16	3
39,17	0
39,19	2
39,20	0
39,22	1
39,23	1
39,25	1
39,27	4
39,28	2
39,30	2
39,31	1
39,33	2
39,35	2
39,36	6
39,38	0
39,39	1
39,41	1
39,43	2
39,44	0
39,46	0
39,47	0
39,49	1
39,51	4
39,52	1
39,54	1
39,55	0
39,57	2
39,59	2
39,60	2
39,62	2
39,63	2
39,65	1
39,66	2
39,68	1
39,70	2
39,71	2
39,73	3
39,74	4
39,76	2
39,78	3
39,79	1
39,81	1
39,82	0
39,84	2
39,86	1
39,87	0
39,89	0
39,90	0
39,92	2
39,94	2
39,95	3
39,97	0
39,98	1
40,00	2
40,02	2
40,03	1
40,05	1
40,06	4
40,08	1
40,09	1
40,11	2
40,13	0
40,14	0
40,16	0
40,17	1
40,19	1
40,21	0
40,22	0
40,24	2
40,25	1
40,27	0
40,29	0
40,30	1
40,32	0
40,33	2
40,35	0
40,37	2
40,38	0
40,40	0
40,41	3
40,43	1
40,45	1
40,46	2
40,48	1
40,49	1
40,51	1
40,52	1
40,54	1
40,56	2
40,57	0
40,59	0
40,60	0
40,62	0
40,64	1
40,65	0
40,67	3
40,68	0
40,70	2
40,72	0
40,73	2
40,75	2
40,76	1
40,78	0
40,80	0
40,81	0
40,83	1
40,84	1
40,86	1
40,88	1
40,89	0
40,91	4
40,92	0
40,94	0
40,95	1
40,97	0
40,99	1
41,00	0
41,02	1
41,03	0
41,05	1
41,07	0
41,08	0
41,10	0
41,11	1
41,13	0
41,15	0
41,16	3
41,18	0
41,19	2
41,21	0
41,23	0
41,24	1
41,26	1
41,27	0
41,29	1
41,31	1
41,32	0
41,34	0
41,35	0
41,37	0
41,38	0
41,40	1
41,42	0
41,43	1
41,45	2
41,46	1
41,48	2
41,50	0
41,51	0
41,53	1
41,54	0
41,56	1
41,58	2
41,59	1
41,61	0
41,62	0
41,64	0
41,66	0
41,67	0
41,69	1
41,70	0
41,72	0
41,73	0
41,75	0
41,77	0
41,78	1
41,80	0
41,81	0
41,83	0
41,85	3
41,86	1
41,88	1
41,89	0
41,91	0
41,93	0
41,94	0
41,96	3
41,97	1
41,99	0
42,01	0
42,02	2
42,04	0
42,05	0
42,07	0
42,09	0
42,10	0
42,12	0
42,13	0
42,15	0
42,16	0
42,18	0
42,20	1
42,21	0
42,23	0
42,24	0
42,26	0
42,28	0
42,29	0
42,31	0
42,32	0
42,34	0
42,36	0
42,37	1
42,39	0
42,40	1
42,42	1
42,44	0
42,45	2
42,47	0
42,48	0
42,50	2
42,52	0
42,53	0
42,55	0
42,56	0
42,58	0
42,59	0
42,61	0
42,63	0
42,64	1
42,66	1
42,67	0
42,69	0
42,71	2
42,72	1
42,74	0
42,75	1
42,77	0
42,79	0
42,80	1
42,82	1
42,83	0
42,85	0
42,87	0
42,88	1
42,90	0
42,91	0
42,93	0
42,95	0
42,96	1
42,98	1
42,99	0
43,01	0
43,02	0
43,04	1
43,06	0
43,07	2
43,09	0
43,10	0
43,12	0
43,14	1
43,15	0
43,17	0
43,18	1
43,20	0
43,22	0
43,23	1
43,25	0
43,26	0
43,28	0
43,30	0
43,31	1
43,33	0
43,34	1
43,36	0
43,38	2
43,39	0
43,41	0
43,42	1
43,44	2
43,45	1
43,47	1
43,49	0
43,50	0
43,52	2
43,53	0
43,55	0
43,57	0
43,58	0
43,60	1
43,61	0
43,63	0
43,65	0
43,66	1
43,68	0
43,69	0
43,71	0
43,73	0
43,74	1
43,76	0
43,77	0
43,79	0
43,81	1
43,82	0
43,84	1
43,85	0
43,87	0
43,88	0
43,90	0
43,92	1
43,93	0
43,95	0
43,96	1
43,98	1
44,00	0
44,01	0
44,03	0
44,04	0
44,06	1
44,08	1
44,09	0
44,11	0
44,12	0
44,14	1
44,16	1
44,17	2
44,19	1
44,20	1
44,22	0
44,24	1
44,25	1
44,27	0
44,28	0
44,30	0
44,31	0
44,33	0
44,35	0
44,36	0
44,38	0
44,39	0
44,41	0
44,43	1
44,44	0
44,46	0
44,47	0
44,49	1
44,51	0
44,52	0
44,54	0
44,55	1
44,57	0
44,59	0
44,60	3
44,62	0
44,63	0
44,65	0
44,67	0
44,68	0
44,70	1
44,71	0
44,73	0
44,74	0
44,76	1
44,78	2
44,79	1
44,81	0
44,82	0
44,84	1
44,86	0
44,87	0
44,89	0
44,90	1
44,92	1
44,94	0
44,95	0
44,97	0
44,98	0
45,00	0
45,02	0
45,03	0
45,05	0
45,06	1
45,08	0
45,10	0
45,11	0
45,13	2
45,14	0
45,16	0
45,17	1
45,19	1
45,21	0
45,22	0
45,24	0
45,25	0
45,27	0
45,29	0
45,30	0
45,32	0
45,33	0
45,35	0
45,37	0
45,38	0
45,40	1
45,41	0
45,43	0
45,45	0
45,46	0
45,48	0
45,49	0
45,51	1
45,53	0
45,54	0
45,56	0
45,57	4
45,59	1
45,60	0
45,62	0
45,64	0
45,65	0
45,67	0
45,68	0
45,70	0
45,72	0
45,73	0
45,75	0
45,76	1
45,78	0
45,80	0
45,81	1
45,83	1
45,84	0
45,86	0
45,88	0
45,89	0
45,91	0
45,92	0
45,94	1
45,96	0
45,97	0
45,99	0
46,00	0
46,02	0
46,03	1
46,05	2
46,07	0
46,08	1
46,10	0
46,11	0
46,13	0
46,15	0
46,16	0
46,18	0
46,19	1
46,21	1
46,23	0
46,24	1
46,26	0
46,27	0
46,29	0
46,31	0
46,32	0
46,34	0
46,35	0
46,37	0
46,39	0
46,40	0
46,42	1
46,43	0
46,45	0
46,46	1
46,48	0
46,50	0
46,51	0
46,53	0
46,54	1
46,56	0
46,58	0
46,59	0
46,61	1
46,62	0
46,64	0
46,66	1
46,67	0
46,69	0
46,70	0
46,72	0
46,74	0
46,75	1
46,77	0
46,78	0
46,80	3
46,82	0
46,83	0
46,85	0
46,86	0
46,88	0
46,89	0
46,91	0
46,93	0
46,94	0
46,96	0
46,97	0
46,99	0
47,01	0
47,02	1
47,04	0
47,05	0
47,07	2
47,09	0
47,10	0
47,12	0
47,13	0
47,15	0
47,17	0
47,18	0
47,20	0
47,21	0
47,23	0
47,25	0
47,26	0
47,28	0
47,29	0
47,31	0
47,32	0
47,34	0
47,36	0
47,37	0
47,39	0
47,40	0
47,42	0
47,44	2
47,45	0
47,47	0
47,48	0
47,50	0
47,52	2
47,53	0
47,55	0
47,56	0
47,58	0
47,60	1
47,61	0
47,63	0
47,64	0
47,66	0
47,68	0
47,69	0
47,71	0
47,72	1
47,74	0
47,75	0
47,77	3
47,79	0
47,80	0
47,82	0
47,83	0
47,85	0
47,87	0
47,88	0
47,90	0
47,91	0
47,93	0
47,95	0
47,96	0
47,98	0
47,99	0
48,01	0
48,03	0
48,04	0
48,06	0
48,07	0
48,09	0
48,10	1
48,12	1
48,14	0
48,15	1
48,17	0
48,18	0
48,20	0
48,22	0
48,23	0
48,25	0
48,26	0
48,28	0
48,30	0
48,31	0
48,33	0
48,34	0
48,36	2
48,38	0
48,39	0
48,41	0
48,42	0
48,44	0
48,46	2
48,47	0
48,49	0
48,50	1
48,52	0
48,53	0
48,55	1
48,57	0
48,58	1
48,60	0
48,61	0
48,63	0
48,65	0
48,66	0
48,68	0
48,69	0
48,71	1
48,73	0
48,74	0
48,76	0
48,77	1
48,79	0
48,81	0
48,82	0
48,84	0
48,85	2
48,87	0
48,89	0
48,90	0
48,92	1
48,93	0
48,95	0
48,96	0
48,98	0
49,00	0
49,01	0
49,03	0
49,04	1
49,06	0
49,08	0
49,09	0
49,11	0
49,12	1
49,14	0
49,16	0
49,17	1
49,19	0
49,20	0
49,22	0
49,24	1
49,25	0
49,27	1
49,28	0
49,30	1
49,32	0
49,33	0
49,35	0
49,36	0
49,38	0
49,39	0
49,41	0
49,43	0
49,44	0
49,46	0
49,47	1
49,49	1
49,51	0
49,52	0
49,54	1
49,55	1
49,57	1
49,59	0
49,60	0
49,62	0
49,63	0
49,65	0
49,67	0
49,68	0
49,70	0
49,71	0
49,73	0
49,75	1
49,76	0
49,78	0
49,79	1
49,81	0
49,82	0
49,84	0
49,86	0
49,87	0
49,89	0
49,90	0
49,92	0
49,94	1
49,95	0
49,97	1
49,98	0
50,00	1
50,02	0
50,03	0
50,05	0
50,06	0
50,08	0
50,10	0
50,11	0
50,13	0
50,14	0
50,16	0
50,18	0
50,19	0
50,21	0
50,22	0
50,24	0
50,25	0
50,27	0
50,29	0
50,30	0
50,32	0
50,33	0
50,35	0
50,37	0
50,38	0
50,40	0
50,41	0
50,43	1
50,45	0
50,46	1
50,48	0
50,49	0
50,51	0
50,53	1
50,54	1
50,56	0
50,57	0
50,59	0
50,61	0
50,62	0
50,64	0
50,65	0
50,67	0
50,68	0
50,70	0
50,72	0
50,73	0
50,75	0
50,76	0
50,78	0
50,80	0
50,81	0
50,83	0
50,84	1
50,86	2
50,88	0
50,89	0
50,91	0
50,92	0
50,94	1
50,96	0
50,97	0
50,99	0
51,00	0
51,02	1
51,04	0
51,05	0
51,07	0
51,08	0
51,10	0
51,11	0
51,13	0
51,15	0
51,16	0
51,18	1
51,19	1
51,21	0
51,23	0
51,24	0
51,26	0
51,27	0
51,29	1
51,31	0
51,32	0
51,34	0
51,35	0
51,37	0
51,39	0
51,40	0
51,42	0
51,43	1
51,45	1
51,47	0
51,48	0
51,50	0
51,51	0
51,53	0
51,54	0
51,56	0
51,58	0
51,59	0
51,61	1
51,62	1
51,64	0
51,66	0
51,67	0
51,69	0
51,70	0
51,72	0
51,74	0
51,75	0
51,77	0
51,78	1
51,80	0
51,82	0
51,83	0
51,85	0
51,86	0
51,88	0
51,90	0
51,91	0
51,93	0
51,94	0
51,96	1
51,97	0
51,99	0
52,01	0
52,02	0
52,04	0
52,05	0
52,07	0
52,09	0
52,10	0
52,12	0
52,13	0
52,15	1
52,17	0
52,18	0
52,20	2
52,21	0
52,23	0
52,25	0
52,26	1
52,28	0
52,29	0
52,31	1
52,33	0
52,34	0
52,36	0
52,37	0
52,39	0
52,40	0
52,42	0
52,44	0
52,45	0
52,47	0
52,48	0
52,50	0
52,52	1
52,53	0
52,55	0
52,56	1
52,58	0
52,60	0
52,61	1
52,63	0
52,64	0
52,66	0
52,68	0
52,69	0
52,71	0
52,72	0
52,74	0
52,76	0
52,77	0
52,79	0
52,80	0
52,82	1
52,83	0
52,85	0
52,87	0
52,88	0
52,90	0
52,91	0
52,93	0
52,95	0
52,96	0
52,98	0
52,99	0
53,01	0
53,03	0
53,04	0
53,06	0
53,07	0
53,09	0
53,11	0
53,12	0
53,14	0
53,15	0
53,17	0
53,19	0
53,20	0
53,22	0
53,23	0
53,25	2
53,26	0
53,28	0
53,30	0
53,31	0
53,33	0
53,34	0
53,36	0
53,38	0
53,39	0
53,41	0
53,42	0
53,44	0
53,46	0
53,47	0
53,49	0
53,50	0
53,52	0
53,54	0
53,55	0
53,57	0
53,58	0
53,60	0
53,62	0
53,63	0
53,65	0
53,66	0
53,68	0
53,69	0
53,71	0
53,73	0
53,74	0
53,76	0
53,77	0
53,79	0
53,81	0
53,82	0
53,84	0
53,85	0
53,87	0
53,89	0
53,90	0
53,92	0
53,93	0
53,95	0
53,97	0
53,98	0
54,00	0
54,01	0
54,03	0
54,05	0
54,06	0
54,08	0
54,09	0
54,11	0
54,12	0
54,14	0
54,16	0
54,17	0
54,19	0
54,20	1
54,22	2
54,24	0
54,25	0
54,27	0
54,28	0
54,30	0
54,32	0
54,33	0
54,35	0
54,36	0
54,38	0
54,40	0
54,41	0
54,43	0
54,44	0
54,46	0
54,47	0
54,49	0
54,51	1
54,52	0
54,54	0
54,55	0
54,57	0
54,59	0
54,60	0
54,62	0
54,63	0
54,65	1
54,67	0
54,68	0
54,70	1
54,71	0
54,73	0
54,75	0
54,76	0
54,78	0
54,79	1
54,81	0
54,83	1
54,84	0
54,86	0
54,87	0
54,89	1
54,90	1
54,92	1
54,94	0
54,95	0
54,97	0
54,98	0
55,00	1
55,02	0
55,03	0
55,05	0
55,06	0
55,08	0
55,10	0
55,11	0
55,13	0
55,14	0
55,16	0
55,18	0
55,19	0
55,21	0
55,22	0
55,24	0
55,26	0
55,27	0
55,29	1
55,30	1
55,32	0
55,33	0
55,35	0
55,37	0
55,38	0
55,40	1
55,41	0
55,43	0
55,45	0
55,46	0
55,48	0
55,49	0
55,51	0
55,53	0
55,54	0
55,56	0
55,57	0
55,59	0
55,61	0
55,62	0
55,64	0
55,65	0
55,67	0
55,69	0
55,70	1
55,72	0
55,73	1
55,75	0
55,76	1
55,78	0
55,80	0
55,81	0
55,83	0
55,84	0
55,86	0
55,88	0
55,89	0
55,91	0
55,92	0
55,94	1
55,96	0
55,97	0
55,99	2
56,00	0
56,02	0
56,04	0
56,05	0
56,07	0
56,08	0
56,10	0
56,12	0
56,13	0
56,15	0
56,16	0
56,18	0
56,19	0
56,21	0
56,23	0
56,24	0
56,26	0
56,27	0
56,29	0
56,31	0
56,32	0
56,34	1
56,35	0
56,37	0
56,39	0
56,40	1
56,42	0
56,43	0
56,45	0
56,47	0
56,48	0
56,50	0
56,51	0
56,53	0
56,55	0
56,56	0
56,58	0
56,59	1
56,61	0
56,62	0
56,64	2
56,66	0
56,67	0
56,69	0
56,70	0
56,72	0
56,74	0
56,75	0
56,77	0
56,78	0
56,80	0
56,82	0
56,83	1
56,85	0
56,86	0
56,88	0
56,90	0
56,91	1
56,93	0
56,94	0
56,96	0
56,98	0
56,99	1
57,01	0
57,02	0
57,04	0
57,05	0
57,07	0
57,09	0
57,10	0
57,12	0
57,13	0
57,15	0
57,17	0
57,18	0
57,20	0
57,21	1
57,23	0
57,25	0
57,26	0
57,28	0
57,29	0
57,31	0
57,33	0
57,34	0
57,36	0
57,37	1
57,39	0
57,41	0
57,42	1
57,44	0
57,45	0
57,47	0
57,48	0
57,50	0
57,52	0
57,53	0
57,55	0
57,56	0
57,58	0
57,60	0
57,61	0
57,63	0
57,64	0
57,66	0
57,68	0
57,69	0
57,71	0
57,72	0
57,74	0
57,76	0
57,77	1
57,79	0
57,80	0
57,82	0
57,84	0
57,85	0
57,87	0
57,88	0
57,90	0
57,91	0
57,93	0
57,95	0
57,96	0
57,98	0
57,99	0
58,01	0
58,03	0
58,04	0
58,06	1
58,07	0
58,09	1
58,11	0
58,12	0
58,14	0
58,15	0
58,17	0
58,19	0
58,20	0
58,22	0
58,23	0
58,25	0
58,27	0
58,28	0
58,30	1
58,31	0
58,33	0
58,34	0
58,36	0
58,38	0
58,39	0
58,41	0
58,42	0
58,44	0
58,46	0
58,47	0
58,49	0
58,50	0
58,52	0
58,54	1
58,55	0
58,57	0
58,58	0
58,60	0
58,62	0
58,63	0
58,65	0
58,66	0
58,68	0
58,70	0
58,71	0
58,73	0
58,74	0
58,76	0
58,77	0
58,79	0
58,81	0
58,82	0
58,84	0
58,85	0
58,87	0
58,89	0
58,90	0
58,92	0
58,93	1
58,95	0
58,97	0
58,98	0
59,00	0
59,01	0
59,03	1
59,05	0
59,06	0
59,08	0
59,09	0
59,11	0
59,13	1
59,14	0
59,16	0
59,17	0
59,19	0
59,20	0
59,22	0
59,24	0
59,25	0
59,27	0
59,28	0
59,30	0
59,32	0
59,33	0
59,35	0
59,36	0
59,38	0
59,40	1
59,41	0
59,43	0
59,44	0
59,46	0
59,48	0
59,49	0
59,51	0
59,52	0
59,54	0
59,56	0
59,57	0
59,59	0
59,60	0
59,62	0
59,63	0
59,65	0
59,67	0
59,68	0
59,70	0
59,71	0
59,73	0
59,75	0
59,76	0
59,78	0
59,79	0
59,81	0
59,83	0
59,84	0
59,86	0
59,87	0
59,89	1
59,91	0
59,92	0
59,94	0
59,95	0
59,97	0
59,99	0
60,00	0
60,02	0
60,03	0
60,05	0
60,06	0
60,08	0
60,10	0
60,11	0
60,13	0
60,14	0
60,16	0
60,18	0
60,19	0
60,21	0
60,22	0
60,24	0
60,26	0
60,27	0
60,29	0
60,30	0
60,32	0
60,34	0
60,35	0
60,37	0
60,38	0
60,40	0
60,42	0
60,43	2
60,45	0
60,46	0
60,48	0
60,49	0
60,51	0
60,53	0
60,54	0
60,56	0
60,57	0
60,59	0
60,61	0
60,62	0
60,64	0
60,65	0
60,67	0
60,69	0
60,70	1
60,72	0
60,73	0
60,75	0
60,77	0
60,78	0
60,80	0
60,81	0
60,83	0
60,84	0
60,86	0
60,88	0
60,89	0
60,91	0
60,92	0
60,94	0
60,96	0
60,97	0
60,99	0
61,00	0
61,02	0
61,04	0
61,05	0
61,07	0
61,08	0
61,10	0
61,12	0
61,13	0
61,15	0
61,16	0
61,18	0
61,20	0
61,21	0
61,23	0
61,24	0
61,26	1
61,27	0
61,29	1
61,31	0
61,32	0
61,34	0
61,35	0
61,37	0
61,39	0
61,40	0
61,42	0
61,43	0
61,45	0
61,47	0
61,48	0
61,50	0
61,51	0
61,53	0
61,55	0
61,56	0
61,58	1
61,59	0
61,61	0
61,63	0
61,64	0
61,66	0
61,67	0
61,69	0
61,70	0
61,72	0
61,74	0
61,75	0
61,77	0
61,78	1
61,80	0
61,82	0
61,83	0
61,85	0
61,86	0
61,88	0
61,90	0
61,91	0
61,93	0
61,94	0
61,96	0
61,98	0
61,99	0
62,01	0
62,02	0
62,04	0
62,06	0
62,07	0
62,09	0
62,10	0
62,12	0
62,13	0
62,15	0
62,17	0
62,18	0
62,20	0
62,21	0
62,23	0
62,25	0
62,26	0
62,28	0
62,29	0
62,31	0
62,33	0
62,34	0
62,36	0
62,37	0
62,39	0
62,41	0
62,42	0
62,44	0
62,45	0
62,47	0
62,49	0
62,50	0
62,52	0
62,53	0
62,55	0
62,56	0
62,58	0
62,60	0
62,61	0
62,63	0
62,64	0
62,66	0
62,68	0
62,69	0
62,71	0
62,72	1
62,74	0
62,76	0
62,77	0
62,79	0
62,80	0
62,82	0
62,84	0
62,85	0
62,87	0
62,88	0
62,90	0
62,92	0
62,93	0
62,95	0
62,96	0
62,98	0
62,99	0
63,01	0
63,03	0
63,04	0
63,06	0
63,07	0
63,09	0
63,11	0
63,12	0
63,14	0
63,15	0
63,17	2
63,19	0
63,20	0
63,22	0
63,23	0
63,25	0
63,27	0
63,28	0
63,30	0
63,31	0
63,33	0
63,35	0
63,36	0
63,38	0
63,39	0
63,41	0
63,42	0
63,44	1
63,46	0
63,47	0
63,49	0
63,50	0
63,52	0
63,54	0
63,55	0
63,57	0
63,58	0
63,60	0
63,62	2
63,63	0
63,65	0
63,66	0
63,68	0
63,70	0
63,71	0
63,73	0
63,74	0
63,76	0
63,78	0
63,79	0
63,81	0
63,82	0
63,84	0
63,85	0
63,87	0
63,89	0
63,90	0
63,92	0
63,93	0
63,95	0
63,97	0
63,98	0
64,00	0
64,01	0
64,03	0
64,05	0
64,06	0
64,08	0
64,09	0
64,11	0
64,13	0
64,14	0
64,16	0
64,17	0
64,19	0
64,21	0
64,22	0
64,24	0
64,25	0
64,27	0
64,28	0
64,30	0
64,32	0
64,33	0
64,35	0
64,36	0
64,38	0
64,40	0
64,41	0
64,43	0
64,44	0
64,46	0
64,48	0
64,49	0
64,51	0
64,52	0
64,54	0
64,56	0
64,57	0
64,59	0
64,60	0
64,62	0
64,64	0
64,65	0
64,67	0
64,68	0
64,70	0
64,71	0
64,73	0
64,75	0
64,76	0
64,78	0
64,79	0
64,81	0
64,83	0
64,84	0
64,86	0
64,87	0
64,89	0
64,91	0
64,92	0
64,94	0
64,95	1
64,97	0
64,99	0
65,00	0
65,02	0
65,03	0
65,05	0
65,07	0
65,08	0
65,10	0
65,11	0
65,13	0
65,14	0
65,16	0
65,18	0
65,19	0
65,21	0
65,22	0
65,24	0
65,26	0
65,27	0
65,29	0
65,30	0
65,32	0
65,34	0
65,35	0
65,37	0
65,38	0
65,40	0
65,42	0
65,43	0
65,45	0
65,46	0
65,48	0
65,50	0
65,51	0
65,53	0
65,54	0
65,56	0
65,57	0
65,59	0
65,61	0
65,62	0
65,64	0
65,65	0
65,67	0
65,69	0
65,70	0
65,72	2
65,73	0
65,75	0
65,77	0
65,78	0
65,80	0
65,81	0
65,83	0
65,85	0
65,86	0
65,88	0
65,89	0
65,91	0
65,93	0
65,94	0
65,96	0
65,97	0
65,99	0
66,00	0
66,02	0
66,04	0
66,05	0
66,07	0
66,08	0
66,10	0
66,12	1
66,13	0
66,15	0
66,16	0
66,18	0
66,20	0
66,21	0
66,23	0
66,24	0
66,26	0
66,28	0
66,29	0
66,31	0
66,32	0
66,34	0
66,36	0
66,37	1
66,39	0
66,40	0
66,42	0
66,43	0
66,45	0
66,47	0
66,48	0
66,50	0
66,51	0
66,53	0
66,55	0
66,56	0
66,58	0
66,59	0
66,61	0
66,63	0
66,64	0
66,66	0
66,67	0
66,69	0
66,71	0
66,72	0
66,74	0
66,75	0
66,77	0
66,79	0
66,80	0
66,82	0
66,83	0
66,85	0
66,86	0
66,88	0
66,90	0
66,91	0
66,93	0
66,94	0
66,96	0
66,98	0
66,99	0
67,01	0
67,02	0
67,04	0
67,06	0
67,07	0
67,09	0
67,10	0
67,12	0
67,14	0
67,15	0
67,17	0
67,18	0
67,20	0
67,21	0
67,23	0
67,25	0
67,26	0
67,28	0
67,29	0
67,31	0
67,33	0
67,34	0
67,36	0
67,37	0
67,39	0
67,41	0
67,42	0
67,44	0
67,45	0
67,47	0
67,49	0
67,50	0
67,52	0
67,53	0
67,55	0
67,57	0
67,58	0
67,60	0
67,61	0
67,63	0
67,64	0
67,66	0
67,68	0
67,69	0
67,71	0
67,72	0
67,74	0
67,76	0
67,77	0
67,79	0
67,80	0
67,82	0
67,84	0
67,85	0
67,87	0
67,88	0
67,90	0
67,92	0
67,93	0
67,95	0
67,96	0
67,98	0
68,00	0
68,01	0
68,03	0
68,04	0
68,06	0
68,07	0
68,09	0
68,11	0
68,12	0
68,14	0
68,15	2
68,17	0
68,19	0
68,20	0
68,22	0
68,23	0
68,25	0
68,27	0
68,28	0
68,30	0
68,31	0
68,33	0
68,35	0
68,36	0
68,38	0
68,39	0
68,41	0
68,43	0
68,44	0
68,46	0
68,47	0
68,49	0
68,50	0
68,52	0
68,54	0
68,55	0
68,57	0
68,58	0
68,60	0
68,62	0
68,63	0
68,65	0
68,66	0
68,68	0
68,70	0
68,71	0
68,73	0
68,74	0
68,76	0
68,78	0
68,79	0
68,81	0
68,82	0
68,84	0
68,86	0
68,87	0
68,89	0
68,90	0
68,92	0
68,93	0
68,95	0
68,97	0
68,98	0
69,00	0
69,01	0
69,03	0
69,05	0
69,06	0
69,08	0
69,09	0
69,11	0
69,13	0
69,14	0
69,16	0
69,17	0
69,19	0
69,21	0
69,22	0
69,24	0
69,25	0
69,27	0
69,29	0
69,30	0
69,32	0
69,33	0
69,35	0
69,36	0
69,38	0
69,40	0
69,41	0
69,43	0
69,44	0
69,46	0
69,48	0
69,49	0
69,51	0
69,52	0
69,54	0
69,56	0
69,57	0
69,59	0
69,60	0
69,62	0
69,64	0
69,65	0
69,67	0
69,68	0
69,70	0
69,72	0
69,73	0
69,75	0
69,76	0
69,78	0
69,79	0
69,81	0
69,83	0
69,84	0
69,86	0
69,87	0
69,89	0
69,91	0
69,92	0
69,94	0
69,95	0
69,97	0
69,99	0
70,00	0
70,02	0
70,03	0
70,05	0
70,07	0
70,08	0
70,10	0
