Energie	Impulse	Fit(Impulse)	Fit(Impulse)	Fit(Impulse)	Fit(Impulse)	Fit(Impulse)	Fit(Impulse)	Fit(Impulse)	Fit(Impulse)	Fit(Impulse)	Fit(Impulse)
E/keV	Impulse/#	Impulse/#	Impulse/#	Impulse/#	Impulse/#	Impulse/#	Impulse/#	Impulse/#	Impulse/#	Impulse/#	Impulse/#

14,01	11	11	1278	5	25	1270	12	2	15	13	9
14,02	7	11	1275	5	26	1267	12	2	15	13	10
14,03	8	11	1272	5	26	1264	12	3	15	13	10
14,03	12	11	1270	5	26	1261	13	3	15	13	10
14,04	8	12	1267	5	27	1258	13	3	15	13	10
14,05	12	12	1264	5	27	1255	13	3	15	14	10
14,06	15	12	1261	5	27	1252	13	3	15	14	10
14,07	13	12	1258	5	28	1249	13	3	16	14	11
14,07	8	12	1255	5	28	1246	13	3	16	14	11
14,08	14	12	1252	5	28	1243	14	3	16	14	11
14,09	23	13	1249	6	29	1240	14	3	16	14	11
14,10	20	13	1246	6	29	1237	14	3	16	15	11
14,11	10	13	1243	6	29	1234	14	3	16	15	12
14,11	10	13	1240	6	30	1231	14	3	16	15	12
14,12	9	13	1237	6	30	1228	14	3	17	15	12
14,13	12	14	1235	6	31	1225	15	3	17	15	12
14,14	13	14	1232	6	31	1222	15	3	17	15	12
14,14	16	14	1229	6	31	1219	15	3	17	16	13
14,15	13	14	1226	6	32	1216	15	4	17	16	13
14,16	18	14	1223	6	32	1213	15	4	17	16	13
14,17	15	14	1220	7	32	1210	15	4	17	16	13
14,18	13	15	1217	7	33	1207	16	4	18	16	14
14,18	24	15	1214	7	33	1204	16	4	18	16	14
14,19	15	15	1211	7	34	1201	16	4	18	17	14
14,20	14	15	1208	7	34	1198	16	4	18	17	14
14,21	17	15	1204	7	34	1195	16	4	18	17	14
14,22	19	16	1201	7	35	1191	17	4	18	17	15
14,22	12	16	1198	7	35	1188	17	4	19	17	15
14,23	8	16	1195	8	36	1185	17	4	19	18	15
14,24	12	16	1192	8	36	1182	17	4	19	18	15
14,25	12	17	1189	8	36	1179	17	5	19	18	16
14,26	18	17	1186	8	37	1176	18	5	19	18	16
14,26	15	17	1183	8	37	1173	18	5	19	18	16
14,27	13	17	1180	8	38	1170	18	5	20	18	16
14,28	18	17	1177	8	38	1166	18	5	20	19	17
14,29	19	18	1174	9	38	1163	18	5	20	19	17
14,30	15	18	1171	9	39	1160	19	5	20	19	17
14,30	18	18	1168	9	39	1157	19	5	20	19	17
14,31	15	18	1164	9	40	1154	19	5	21	19	18
14,32	13	19	1161	9	40	1151	19	5	21	20	18
14,33	12	19	1158	9	41	1147	20	6	21	20	18
14,34	12	19	1155	9	41	1144	20	6	21	20	18
14,34	19	19	1152	10	42	1141	20	6	21	20	19
14,35	15	19	1149	10	42	1138	20	6	21	20	19
14,36	16	20	1146	10	43	1135	20	6	22	21	19
14,37	27	20	1142	10	43	1131	21	6	22	21	19
14,38	16	20	1139	10	43	1128	21	6	22	21	20
14,38	23	20	1136	10	44	1125	21	6	22	21	20
14,39	21	21	1133	11	44	1122	21	7	22	22	20
14,40	27	21	1130	11	45	1118	22	7	23	22	21
14,41	15	21	1127	11	45	1115	22	7	23	22	21
14,42	22	21	1123	11	46	1112	22	7	23	22	21
14,42	20	22	1120	11	46	1109	22	7	23	22	21
14,43	15	22	1117	11	47	1106	23	7	23	23	22
14,44	14	22	1114	12	47	1102	23	7	24	23	22
14,45	21	22	1111	12	48	1099	23	7	24	23	22
14,46	22	23	1107	12	48	1096	23	8	24	23	23
14,46	19	23	1104	12	49	1093	23	8	24	24	23
14,47	29	23	1101	12	49	1089	24	8	24	24	23
14,48	23	23	1098	13	50	1086	24	8	25	24	23
14,49	26	24	1095	13	50	1083	24	8	25	24	24
14,50	25	24	1091	13	51	1080	24	8	25	25	24
14,50	24	24	1088	13	51	1076	25	9	25	25	24
14,51	17	25	1085	13	52	1073	25	9	25	25	25
14,52	29	25	1082	14	52	1070	25	9	26	25	25
14,53	28	25	1078	14	53	1066	26	9	26	25	25
14,54	28	25	1075	14	53	1063	26	9	26	26	26
14,54	28	26	1072	14	54	1060	26	9	26	26	26
14,55	24	26	1069	15	55	1057	26	10	26	26	26
14,56	17	26	1065	15	55	1053	27	10	27	26	27
14,57	27	26	1062	15	56	1050	27	10	27	27	27
14,57	26	27	1059	15	56	1047	27	10	27	27	27
14,58	26	27	1056	15	57	1043	27	10	27	27	28
14,59	22	27	1052	16	57	1040	28	10	28	27	28
14,60	50	28	1049	16	58	1037	28	11	28	28	28
14,61	24	28	1046	16	58	1034	28	11	28	28	29
14,61	33	28	1043	16	59	1030	28	11	28	28	29
14,62	34	29	1039	17	60	1027	29	11	29	29	29
14,63	19	29	1036	17	60	1024	29	11	29	29	29
14,64	32	29	1033	17	61	1020	29	12	29	29	30
14,65	28	29	1029	17	61	1017	30	12	29	29	30
14,65	30	30	1026	18	62	1014	30	12	29	30	30
14,66	33	30	1023	18	62	1011	30	12	30	30	31
14,67	38	30	1020	18	63	1007	30	12	30	30	31
14,68	28	31	1016	18	64	1004	31	13	30	30	31
14,69	26	31	1013	19	64	1001	31	13	30	31	32
14,69	31	31	1010	19	65	997	31	13	31	31	32
14,70	39	32	1006	19	65	994	32	13	31	31	33
14,71	44	32	1003	19	66	991	32	14	31	32	33
14,72	27	32	1000	20	67	987	32	14	31	32	33
14,73	43	32	997	20	67	984	32	14	32	32	34
14,73	27	33	993	20	68	981	33	14	32	32	34
14,74	27	33	990	21	68	977	33	15	32	33	34
14,75	32	33	987	21	69	974	33	15	32	33	35
14,76	34	34	983	21	70	971	34	15	33	33	35
14,77	23	34	980	22	70	968	34	15	33	33	35
14,77	38	34	977	22	71	964	34	16	33	34	36
14,78	37	35	973	22	72	961	35	16	33	34	36
14,79	42	35	970	22	72	958	35	16	34	34	36
14,80	25	35	967	23	73	954	35	16	34	35	37
14,81	34	36	964	23	73	951	35	17	34	35	37
14,81	42	36	960	23	74	948	36	17	35	35	37
14,82	31	36	957	24	75	944	36	17	35	36	38
14,83	52	37	954	24	75	941	36	17	35	36	38
14,84	37	37	950	24	76	938	37	18	35	36	38
14,85	41	37	947	25	77	934	37	18	36	36	39
14,85	47	38	944	25	77	931	37	18	36	37	39
14,86	42	38	940	25	78	928	38	19	36	37	39
14,87	33	38	937	26	79	925	38	19	36	37	40
14,88	48	39	934	26	79	921	38	19	37	38	40
14,89	32	39	931	26	80	918	39	20	37	38	40
14,89	43	39	927	27	81	915	39	20	37	38	41
14,90	35	40	924	27	81	911	39	20	38	39	41
14,91	40	40	921	27	82	908	40	20	38	39	41
14,92	53	40	917	28	83	905	40	21	38	39	42
14,93	45	41	914	28	83	901	40	21	38	40	42
14,93	35	41	911	28	84	898	41	21	39	40	42
14,94	39	41	907	29	85	895	41	22	39	40	43
14,95	43	42	904	29	85	892	41	22	39	40	43
14,96	34	42	901	30	86	888	42	22	40	41	43
14,97	49	42	898	30	87	885	42	23	40	41	44
14,97	36	43	894	30	87	882	42	23	40	41	44
14,98	62	43	891	31	88	878	43	24	41	42	44
14,99	47	43	888	31	89	875	43	24	41	42	45
15,00	48	44	884	32	89	872	43	24	41	42	45
15,00	48	44	881	32	90	869	44	25	41	43	45
15,01	33	44	878	32	91	865	44	25	42	43	46
15,02	44	45	875	33	91	862	44	25	42	43	46
15,03	47	45	871	33	92	859	45	26	42	44	46
15,04	47	45	868	34	93	855	45	26	43	44	47
15,04	53	46	865	34	94	852	45	26	43	44	47
15,05	55	46	861	34	94	849	46	27	43	45	47
15,06	39	47	858	35	95	846	46	27	44	45	47
15,07	58	47	855	35	96	842	46	28	44	45	48
15,08	52	47	852	36	96	839	47	28	44	46	48
15,08	49	48	848	36	97	836	47	28	45	46	48
15,09	58	48	845	37	98	833	47	29	45	46	49
15,10	38	48	842	37	98	829	48	29	45	47	49
15,11	61	49	839	37	99	826	48	30	46	47	49
15,12	39	49	835	38	100	823	48	30	46	47	49
15,12	50	49	832	38	101	820	49	31	46	48	50
15,13	48	50	829	39	101	816	49	31	47	48	50
15,14	42	50	826	39	102	813	49	31	47	48	50
15,15	46	50	822	40	103	810	50	32	47	49	51
15,16	56	51	819	40	103	807	50	32	48	49	51
15,16	50	51	816	41	104	804	50	33	48	50	51
15,17	46	51	813	41	105	800	51	33	48	50	51
15,18	54	52	809	41	106	797	51	34	49	50	52
15,19	40	52	806	42	106	794	51	34	49	51	52
15,20	47	52	803	42	107	791	52	35	49	51	52
15,20	55	53	800	43	108	788	52	35	50	51	52
15,21	48	53	796	43	108	784	52	36	50	52	53
15,22	63	53	793	44	109	781	53	36	50	52	53
15,23	54	54	790	44	110	778	53	36	51	52	53
15,24	64	54	787	45	111	775	53	37	51	53	53
15,24	57	54	784	45	111	772	54	37	51	53	54
15,25	51	55	780	46	112	768	54	38	52	53	54
15,26	58	55	777	46	113	765	55	38	52	54	54
15,27	38	55	774	47	113	762	55	39	52	54	54
15,28	57	56	771	47	114	759	55	39	53	54	55
15,28	69	56	768	48	115	756	56	40	53	55	55
15,29	49	56	764	48	116	753	56	40	53	55	55
15,30	58	57	761	49	116	749	56	41	54	56	55
15,31	39	57	758	49	117	746	57	41	54	56	55
15,32	50	57	755	50	118	743	57	42	55	56	56
15,32	62	58	752	50	118	740	57	43	55	57	56
15,33	55	58	749	51	119	737	58	43	55	57	56
15,34	65	58	745	52	120	734	58	44	56	57	56
15,35	55	59	742	52	121	731	58	44	56	58	56
15,36	51	59	739	53	121	727	59	45	56	58	57
15,36	90	59	736	53	122	724	59	45	57	58	57
15,37	52	60	733	54	123	721	59	46	57	59	57
15,38	49	60	730	54	124	718	60	46	58	59	57
15,39	72	60	726	55	124	715	60	47	58	60	57
15,40	53	61	723	55	125	712	60	48	58	60	57
15,40	60	61	720	56	126	709	61	48	59	60	58
15,41	47	61	717	56	126	706	61	49	59	61	58
15,42	61	62	714	57	127	703	61	49	60	61	58
15,43	55	62	711	58	128	700	62	50	60	61	58
15,43	71	62	708	58	128	696	62	50	60	62	58
15,44	34	62	705	59	129	693	62	51	61	62	58
