# Oscilloscope file ./20191024_882206.bin
# Channel 1
Time / s;Voltage / V
0;6.88
0.1;6.88
0.2;6.88
0.3;6.96
0.4;6.88
0.5;6.96
0.6;7.04
0.7;7.04
0.8;7.04
0.9;7.04
1;7.12
1.1;7.04
1.2;7.12
1.3;7.12
1.4;7.12
1.5;7.2
1.6;7.12
1.7;7.2
1.8;7.2
1.9;7.28
2;7.28
2.1;7.28
2.2;7.28
2.3;7.28
2.4;7.36
2.5;7.36
2.6;7.36
2.7;7.44
2.8;7.36
2.9;7.44
3;7.44
3.1;7.44
3.2;7.44
3.3;7.52
3.4;7.52
3.5;7.52
3.6;7.52
3.7;7.6
3.8;7.6
3.9;7.6
4;7.68
4.1;7.68
4.2;7.68
4.3;7.68
4.4;7.76
4.5;7.76
4.6;7.76
4.7;7.76
4.8;7.84
4.9;7.84
5;7.84
5.1;7.84
5.2;7.84
5.3;7.84
5.4;7.92
5.5;7.92
5.6;7.92
5.7;8
5.8;8
5.9;8
6;8
6.1;8.08
6.2;8.08
6.3;8.08
6.4;8.08
6.5;8.16
6.6;8.16
6.7;8.16
6.8;8.24
6.9;8.16
7;8.24
7.1;8.24
7.2;8.24
7.3;8.24
7.4;8.32
7.5;8.32
7.6;8.4
7.7;8.4
7.8;8.4
7.9;8.4
8;8.4
8.1;8.4
8.2;8.48
8.3;8.48
8.4;8.48
8.5;8.48
8.6;8.48
8.7;8.56
8.8;8.56
8.9;8.56
9;8.56
9.1;8.64
9.2;8.72
9.3;8.72
9.4;8.72
9.5;8.64
9.6;8.72
9.7;8.72
9.8;8.72
9.9;8.72
10;8.8
10.1;8.8
10.2;8.8
10.3;8.88
10.4;8.88
10.5;8.88
10.6;8.88
10.7;8.88
10.8;8.96
10.9;8.96
11;8.96
11.1;9.04
11.2;9.04
11.3;9.04
11.4;9.04
11.5;9.04
11.6;9.04
11.7;9.12
11.8;9.12
11.9;9.2
12;9.2
12.1;9.2
12.2;9.2
12.3;9.2
12.4;9.2
12.5;9.28
12.6;9.28
12.7;9.28
12.8;9.36
12.9;9.36
13;9.36
13.1;9.36
13.2;9.36
13.3;9.44
13.4;9.44
13.5;9.44
13.6;9.52
13.7;9.52
13.8;9.52
13.9;9.52
14;9.52
14.1;9.52
14.2;9.6
14.3;9.6
14.4;9.6
14.5;9.68
14.6;9.68
14.7;9.68
14.8;9.68
14.9;9.68
15;9.68
15.1;9.76
15.2;9.84
15.3;9.76
15.4;9.84
15.5;9.84
15.6;9.84
15.7;9.84
15.8;9.92
15.9;9.92
16;9.92
16.1;10
16.2;10
16.3;10
16.4;10
16.5;10
16.6;10.08
16.7;10.08
16.8;10.08
16.9;10.16
17;10.16
17.1;10.08
17.2;8.96
17.3;7.84
17.4;6.8
17.5;5.68
17.6;4.56
17.7;3.44
17.8;2.4
17.9;1.28
18;0.16
18.1;0
18.2;0.08
18.3;0.08
18.4;0.08
18.5;0.16
18.6;0.16
18.7;0.16
18.8;0.16
18.9;0.24
19;0.24
19.1;0.24
19.2;0.32
19.3;0.32
19.4;0.32
19.5;0.32
19.6;0.4
19.7;0.4
19.8;0.4
19.9;0.4
20;0.4
20.1;0.48
20.2;0.48
20.3;0.48
20.4;0.48
20.5;0.56
20.6;0.56
20.7;0.56
20.8;0.64
20.9;0.56
21;0.64
21.1;0.64
21.2;0.64
21.3;0.72
21.4;0.72
21.5;0.72
21.6;0.72
21.7;0.8
21.8;0.8
21.9;0.8
22;0.88
22.1;0.8
22.2;0.8
22.3;0.88
22.4;0.88
22.5;0.88
22.6;0.96
22.7;0.96
22.8;0.96
22.9;1.04
23;1.04
23.1;1.04
23.2;1.04
23.3;1.04
23.4;1.12
23.5;1.12
23.6;1.12
23.7;1.12
23.8;1.12
23.9;1.2
24;1.2
24.1;1.2
24.2;1.2
24.3;1.28
24.4;1.28
24.5;1.28
24.6;1.36
24.7;1.28
24.8;1.36
24.9;1.36
25;1.44
25.1;1.36
25.2;1.44
25.3;1.44
25.4;1.44
25.5;1.44
25.6;1.52
25.7;1.52
25.8;1.52
25.9;1.6
26;1.6
26.1;1.6
26.2;1.68
26.3;1.68
26.4;1.68
26.5;1.68
26.6;1.68
26.7;1.76
26.8;1.76
26.9;1.76
27;1.76
27.1;1.76
27.2;1.84
27.3;1.84
27.4;1.84
27.5;1.84
27.6;1.92
27.7;1.92
27.8;1.92
27.9;2
28;2
28.1;2
28.2;2
28.3;2.08
28.4;2
28.5;2.08
28.6;2.08
28.7;2.08
28.8;2.16
28.9;2.16
29;2.16
29.1;2.16
29.2;2.24
29.3;2.24
29.4;2.24
29.5;2.24
29.6;2.24
29.7;2.32
29.8;2.32
29.9;2.32
30;2.4
30.1;2.4
30.2;2.4
30.3;2.4
30.4;2.4
30.5;2.48
30.6;2.48
30.7;2.48
30.8;2.48
30.9;2.48
31;2.56
31.1;2.56
31.2;2.56
31.3;2.64
31.4;2.64
31.5;2.64
31.6;2.64
31.7;2.72
31.8;2.64
31.9;2.72
32;2.72
32.1;2.72
32.2;2.8
32.3;2.8
32.4;2.8
32.5;2.8
32.6;2.8
32.7;2.88
32.8;2.88
32.9;2.96
33;2.96
33.1;2.88
33.2;2.96
33.3;2.96
33.4;2.96
33.5;2.96
33.6;3.04
33.7;3.04
33.8;3.12
33.9;3.04
34;3.12
34.1;3.2
34.2;3.12
34.3;3.2
34.4;3.12
34.5;3.2
34.6;3.28
34.7;3.28
34.8;3.28
34.9;3.28
35;3.28
35.1;3.36
35.2;3.36
35.3;3.36
35.4;3.36
35.5;3.36
35.6;3.44
35.7;3.44
35.8;3.52
35.9;3.44
36;3.52
36.1;3.52
36.2;3.52
36.3;3.6
36.4;3.6
36.5;3.6
36.6;3.6
36.7;3.68
36.8;3.6
36.9;3.68
37;3.68
37.1;3.68
37.2;3.76
37.3;3.76
37.4;3.76
37.5;3.84
37.6;3.76
37.7;3.84
37.8;3.84
37.9;3.84
38;3.92
38.1;3.92
38.2;3.92
38.3;3.92
38.4;3.92
38.5;4
38.6;4
38.7;4
38.8;4
38.9;4.08
39;4.08
39.1;4.08
39.2;4.16
39.3;4.16
39.4;4.16
39.5;4.16
39.6;4.16
39.7;4.16
39.8;4.24
39.9;4.24
40;4.24
40.1;4.32
40.2;4.32
40.3;4.32
40.4;4.4
40.5;4.32
40.6;4.32
40.7;4.4
40.8;4.4
40.9;4.4
41;4.48
41.1;4.48
41.2;4.48
41.3;4.48
41.4;4.56
41.5;4.48
41.6;4.56
41.7;4.56
41.8;4.64
41.9;4.64
42;4.64
42.1;4.64
42.2;4.72
42.3;4.72
42.4;4.72
42.5;4.72
42.6;4.72
42.7;4.72
42.8;4.8
42.9;4.88
43;4.88
43.1;4.88
43.2;4.88
43.3;4.88
43.4;4.88
43.5;4.88
43.6;4.96
43.7;4.96
43.8;4.96
43.9;5.04
44;5.04
44.1;5.04
44.2;5.04
44.3;5.04
44.4;5.04
44.5;5.12
44.6;5.12
44.7;5.12
44.8;5.2
44.9;5.2
45;5.2
45.1;5.2
45.2;5.28
45.3;5.28
45.4;5.28
45.5;5.28
45.6;5.36
45.7;5.36
45.8;5.36
45.9;5.36
46;5.36
46.1;5.44
46.2;5.44
46.3;5.44
46.4;5.52
46.5;5.44
46.6;5.52
46.7;5.52
46.8;5.6
46.9;5.6
47;5.6
47.1;5.6
47.2;5.6
47.3;5.68
47.4;5.68
47.5;5.68
47.6;5.76
47.7;5.76
47.8;5.76
47.9;5.76
48;5.84
48.1;5.76
48.2;5.84
48.3;5.84
48.4;5.92
48.5;5.92
48.6;5.92
48.7;5.92
48.8;6
48.9;6
49;6
49.1;6
49.2;6
49.3;6.08
49.4;6.08
49.5;6.08
49.6;6.08
49.7;6.08
49.8;6.16
49.9;6.16
50;6.16
50.1;6.16
50.2;6.16
50.3;6.24
50.4;6.24
50.5;6.24
50.6;6.24
50.7;6.32
50.8;6.32
50.9;6.32
51;6.32
51.1;6.4
51.2;6.4
51.3;6.4
51.4;6.48
51.5;6.48
51.6;6.48
51.7;6.48
51.8;6.48
51.9;6.48
52;6.56
52.1;6.56
52.2;6.56
52.3;6.64
52.4;6.64
52.5;6.64
52.6;6.72
52.7;6.72
52.8;6.72
52.9;6.72
53;6.72
53.1;6.72
53.2;6.8
53.3;6.8
53.4;6.88
53.5;6.88
53.6;6.88
53.7;6.88
53.8;6.88
53.9;6.88
54;6.96
54.1;6.96
54.2;7.04
54.3;7.04
54.4;7.04
54.5;7.04
54.6;7.04
54.7;7.04
54.8;7.04
54.9;7.12
55;7.12
55.1;7.12
55.2;7.2
55.3;7.2
55.4;7.2
55.5;7.2
55.6;7.28
55.7;7.28
55.8;7.28
55.9;7.36
56;7.28
56.1;7.36
56.2;7.36
56.3;7.44
56.4;7.36
56.5;7.36
56.6;7.44
56.7;7.44
56.8;7.44
56.9;7.52
57;7.52
57.1;7.52
57.2;7.52
57.3;7.6
57.4;7.6
57.5;7.6
57.6;7.6
57.7;7.68
57.8;7.68
57.9;7.68
58;7.68
58.1;7.76
58.2;7.76
58.3;7.76
58.4;7.76
58.5;7.76
58.6;7.84
58.7;7.84
58.8;7.84
58.9;7.84
59;7.92
59.1;7.92
59.2;7.92
59.3;8
59.4;7.92
59.5;8
59.6;8
59.7;8.08
59.8;8.08
59.9;8.08
60;8.08
60.1;8.08
60.2;8.16
60.3;8.16
60.4;8.16
60.5;8.16
60.6;8.24
60.7;8.16
60.8;8.24
60.9;8.24
61;8.24
61.1;8.4
61.2;8.32
61.3;8.32
61.4;8.4
61.5;8.4
61.6;8.4
61.7;8.4
61.8;8.4
61.9;8.48
62;8.48
62.1;8.48
62.2;8.48
62.3;8.56
62.4;8.56
62.5;8.56
62.6;8.56
62.7;8.64
62.8;8.64
62.9;8.64
63;8.64
63.1;8.72
63.2;8.64
63.3;8.64
63.4;8.72
63.5;8.72
63.6;8.8
63.7;8.8
63.8;8.8
63.9;8.88
64;8.8
64.1;8.88
64.2;8.88
64.3;8.96
64.4;8.96
64.5;8.96
64.6;8.96
64.7;8.96
64.8;8.96
64.9;9.04
65;9.04
65.1;9.04
65.2;9.04
65.3;9.12
65.4;9.12
65.5;9.12
65.6;9.2
65.7;9.2
65.8;9.2
65.9;9.2
66;9.28
66.1;9.2
66.2;9.28
66.3;9.28
66.4;9.36
66.5;9.36
66.6;9.36
66.7;9.36
66.8;9.44
66.9;9.36
67;9.44
67.1;9.44
67.2;9.44
67.3;9.52
67.4;9.44
67.5;9.52
67.6;9.52
67.7;9.6
67.8;9.52
67.9;9.6
68;9.6
68.1;9.6
68.2;9.6
68.3;9.68
68.4;9.68
68.5;9.76
68.6;9.68
68.7;9.76
68.8;9.76
68.9;9.76
69;9.76
69.1;9.84
69.2;9.84
69.3;9.84
69.4;9.92
69.5;9.92
69.6;9.92
69.7;9.92
69.8;10
69.9;10
70;10
70.1;10
70.2;10.08
70.3;10
70.4;10.08
70.5;10.08
70.6;10.08
70.7;10.16
70.8;9.76
70.9;8.72
71;7.6
71.1;6.48
71.2;5.36
71.3;4.32
71.4;3.2
71.5;2.08
71.6;0.96
71.7;0.08
71.8;0.08
71.9;0.08
72;0.16
72.1;0.08
72.2;0.16
72.3;0.16
72.4;0.16
72.5;0.16
72.6;0.24
72.7;0.24
72.8;0.24
72.9;0.32
73;0.32
73.1;0.32
73.2;0.32
73.3;0.32
73.4;0.4
73.5;0.4
73.6;0.4
73.7;0.48
73.8;0.48
73.9;0.48
74;0.48
74.1;0.48
74.2;0.56
74.3;0.56
74.4;0.56
74.5;0.64
74.6;0.64
74.7;0.64
74.8;0.64
74.9;0.64
75;0.64
75.1;0.72
75.2;0.72
75.3;0.8
75.4;0.72
75.5;0.8
75.6;0.88
75.7;0.8
75.8;0.88
75.9;8.4
