# Oscilloscope file ./20191024_881931.bin
# Channel 2
Time / s;Voltage / V
0;-0.16
0.1;-0.16
0.2;-0.16
0.3;-0.16
0.4;-0.16
0.5;-0.16
0.6;-0.16
0.7;-0.16
0.8;-0.24
0.9;-0.16
1;-0.24
1.1;-0.16
1.2;-0.16
1.3;-0.08
1.4;-0.16
1.5;-0.16
1.6;-0.16
1.7;-0.16
1.8;-0.24
1.9;-0.24
2;-0.16
2.1;-0.24
2.2;-0.16
2.3;-0.16
2.4;-0.16
2.5;-0.16
2.6;-0.16
2.7;-0.16
2.8;-0.16
2.9;-0.16
3;-0.16
3.1;-0.16
3.2;-0.24
3.3;-0.24
3.4;-0.24
3.5;-0.24
3.6;-0.24
3.7;-0.24
3.8;-0.16
3.9;-0.16
4;-0.16
4.1;-0.24
4.2;-0.16
4.3;-0.24
4.4;-0.24
4.5;-0.24
4.6;-0.24
4.7;-0.24
4.8;-0.16
4.9;-0.16
5;-0.24
5.1;-0.24
5.2;-0.24
5.3;-0.24
5.4;-0.24
5.5;-0.24
5.6;-0.24
5.7;-0.24
5.8;-0.24
5.9;-0.24
6;-0.16
6.1;-0.24
6.2;-0.24
6.3;-0.24
6.4;-0.24
6.5;-0.24
6.6;-0.24
6.7;-0.24
6.8;-0.24
6.9;-0.24
7;-0.32
7.1;-0.32
7.2;-0.24
7.3;-0.24
7.4;-0.24
7.5;-0.24
7.6;-0.24
7.7;-0.24
7.8;-0.24
7.9;-0.24
8;-0.24
8.1;-7.36
8.2;-7.36
8.3;-7.36
8.4;-7.36
8.5;-7.36
8.6;-7.36
8.7;-7.36
8.8;-7.36
8.9;-7.36
9;-0.24
9.1;-0.16
9.2;-0.16
9.3;-0.24
9.4;-0.24
9.5;-0.16
9.6;-0.24
9.7;-0.16
9.8;-0.24
9.9;-0.24
10;-0.16
10.1;-0.24
10.2;-0.24
10.3;-0.24
10.4;-0.24
10.5;-0.32
10.6;-0.24
10.7;-0.24
10.8;-0.24
10.9;-0.16
11;-0.16
11.1;-0.24
11.2;-0.24
11.3;-0.24
11.4;-0.24
11.5;-0.24
11.6;-0.24
11.7;-0.24
11.8;-0.24
11.9;-0.24
12;-0.24
12.1;-0.24
12.2;-0.16
12.3;-0.24
12.4;-0.24
12.5;-0.24
12.6;-0.24
12.7;-0.16
12.8;-0.24
12.9;-0.24
13;-0.24
13.1;-0.24
13.2;-0.24
13.3;-0.16
13.4;-0.24
13.5;-0.24
13.6;-0.16
13.7;-0.24
13.8;-0.24
13.9;-0.16
14;-0.24
14.1;-0.16
14.2;-0.16
14.3;-0.24
14.4;-0.24
14.5;-0.24
14.6;-0.24
14.7;-0.16
14.8;-0.24
14.9;-0.24
15;-0.24
15.1;-0.24
15.2;-0.24
15.3;-0.16
15.4;-0.16
15.5;-0.24
15.6;-0.24
15.7;-0.16
15.8;-0.24
15.9;-0.24
16;-0.24
16.1;-0.24
16.2;-0.24
16.3;-0.24
16.4;-0.24
16.5;-0.24
16.6;-0.16
16.7;-0.24
16.8;-0.24
16.9;-0.24
17;-0.24
17.1;-0.24
17.2;-0.24
17.3;-0.24
17.4;-0.24
17.5;-0.24
17.6;-0.16
17.7;-0.16
17.8;-0.16
17.9;-0.24
18;-0.16
18.1;-0.24
18.2;-0.24
18.3;-0.24
18.4;-0.16
18.5;-0.24
18.6;-0.16
18.7;-0.16
18.8;-0.16
18.9;-0.16
19;-0.24
19.1;-0.16
19.2;-0.24
19.3;-0.24
19.4;-0.24
19.5;-0.24
19.6;-0.16
19.7;-0.16
19.8;-0.24
19.9;-0.24
20;-0.24
20.1;-0.24
20.2;-0.24
20.3;-0.16
20.4;-0.16
20.5;-0.16
20.6;-0.24
20.7;-0.16
20.8;-0.16
20.9;-0.16
21;-0.16
21.1;-0.16
21.2;-0.16
21.3;-0.16
21.4;-0.08
21.5;-0.08
21.6;-0.16
21.7;-0.16
21.8;-0.24
21.9;-0.24
22;-0.16
22.1;-0.16
22.2;-0.24
22.3;-0.24
22.4;-0.24
22.5;-0.16
22.6;-0.16
22.7;-0.16
22.8;-0.16
22.9;-0.16
23;-0.16
23.1;-0.16
23.2;-0.16
23.3;-0.16
23.4;-0.16
23.5;-0.16
23.6;-0.16
23.7;-0.16
23.8;-0.16
23.9;-0.16
24;-0.16
24.1;-0.16
24.2;-0.16
24.3;-0.08
24.4;-0.08
24.5;-0.08
24.6;-0.08
24.7;0
24.8;-0.08
24.9;0
25;0
25.1;0.08
25.2;0.16
25.3;0.16
25.4;0.24
25.5;0.32
25.6;0.48
25.7;0.64
25.8;0.8
25.9;0.88
26;1.12
26.1;1.28
26.2;1.6
26.3;1.84
26.4;2.24
26.5;2.64
26.6;3.12
26.7;3.68
26.8;4.32
26.9;5.04
27;5.76
27.1;6.88
27.2;8.24
27.3;9.36
27.4;9.28
27.5;9.36
27.6;9.28
27.7;9.36
27.8;9.36
27.9;9.28
28;9.28
28.1;9.36
28.2;9.28
28.3;9.28
28.4;9.28
28.5;9.28
28.6;9.36
28.7;9.28
28.8;9.28
28.9;9.28
29;9.28
29.1;9.36
29.2;9.36
29.3;9.28
29.4;9.28
29.5;9.36
29.6;9.28
29.7;9.28
29.8;9.36
29.9;9.28
30;9.28
30.1;9.36
30.2;9.28
30.3;9.28
30.4;9.28
30.5;9.28
30.6;9.28
30.7;9.36
30.8;9.36
30.9;9.36
31;9.28
31.1;9.28
31.2;9.36
31.3;9.28
31.4;9.28
31.5;9.36
31.6;9.28
31.7;9.36
31.8;9.28
31.9;9.28
32;9.28
32.1;9.28
32.2;9.36
32.3;9.36
32.4;9.28
32.5;9.28
32.6;9.36
32.7;9.36
32.8;9.28
32.9;9.28
33;9.28
33.1;9.28
33.2;9.28
33.3;9.28
33.4;9.28
33.5;9.36
33.6;9.36
33.7;9.36
33.8;9.36
33.9;9.28
34;9.28
34.1;9.36
34.2;9.28
34.3;9.28
34.4;9.36
34.5;9.36
34.6;9.36
34.7;9.28
34.8;9.28
34.9;9.28
35;9.28
35.1;9.28
35.2;9.28
35.3;9.28
35.4;9.28
35.5;9.28
35.6;9.36
35.7;9.36
35.8;9.28
35.9;9.28
36;9.28
36.1;9.36
36.2;9.36
36.3;9.28
36.4;9.36
36.5;9.28
36.6;9.36
36.7;9.28
36.8;9.28
36.9;9.28
37;9.36
37.1;9.28
37.2;9.36
37.3;9.36
37.4;9.36
37.5;9.28
37.6;9.28
37.7;9.28
37.8;9.36
37.9;9.28
38;9.36
38.1;9.28
38.2;9.28
38.3;9.28
38.4;9.28
38.5;9.36
38.6;7.68
38.7;5.12
38.8;3.28
38.9;2
39;1.28
39.1;0.88
39.2;0.72
39.3;0.56
39.4;0.56
39.5;0.56
39.6;0.56
39.7;0.56
39.8;0.56
39.9;0.64
40;0.72
40.1;0.72
40.2;0.72
40.3;0.8
40.4;0.8
40.5;0.8
40.6;0.88
40.7;0.88
40.8;0.88
40.9;0.88
41;0.96
41.1;0.96
41.2;0.96
41.3;0.96
41.4;0.96
41.5;1.04
41.6;1.04
41.7;1.04
41.8;1.04
41.9;1.12
42;1.12
42.1;1.12
42.2;1.12
42.3;1.12
42.4;1.12
42.5;1.12
42.6;1.12
42.7;1.12
42.8;1.2
42.9;1.12
43;1.12
43.1;1.12
43.2;1.04
43.3;1.04
43.4;1.04
43.5;1.04
43.6;1.04
43.7;1.12
43.8;1.04
43.9;1.12
44;1.04
44.1;1.04
44.2;1.04
44.3;1.04
44.4;1.04
44.5;0.96
44.6;0.96
44.7;0.96
44.8;0.96
44.9;0.96
45;0.96
45.1;0.96
45.2;0.88
45.3;0.96
45.4;0.96
45.5;0.88
45.6;0.88
45.7;0.88
45.8;0.88
45.9;0.8
46;0.88
46.1;0.8
46.2;0.8
46.3;0.8
46.4;0.8
46.5;0.8
46.6;0.8
46.7;0.72
46.8;0.64
46.9;0.56
47;0.56
47.1;0.64
47.2;0.56
47.3;0.48
47.4;0.48
47.5;0.48
47.6;0.48
47.7;0.4
47.8;0.4
47.9;0.32
48;0.24
48.1;0.16
48.2;0.16
48.3;0.08
48.4;-0.08
48.5;-0.08
48.6;-0.08
48.7;-0.16
48.8;-0.24
48.9;-0.24
49;-0.24
49.1;-0.24
49.2;-0.24
49.3;-0.16
49.4;-0.16
49.5;-0.16
49.6;-0.24
49.7;-0.24
49.8;-0.16
49.9;-0.16
50;-0.16
50.1;-0.16
50.2;-0.24
50.3;-0.24
50.4;-0.16
50.5;-0.16
50.6;-0.16
50.7;-0.24
50.8;-0.16
50.9;-0.16
51;-0.16
51.1;-0.16
51.2;-0.16
51.3;-0.16
51.4;-0.16
51.5;-0.16
51.6;-0.16
51.7;-0.16
51.8;-0.16
51.9;-0.16
52;-0.16
52.1;-0.08
52.2;-0.16
52.3;-0.08
52.4;-0.08
52.5;-0.08
52.6;-0.16
52.7;-0.16
52.8;-0.16
52.9;-0.16
53;-0.16
53.1;-0.24
53.2;-0.16
53.3;-0.16
53.4;-0.08
53.5;-0.16
53.6;-0.16
53.7;-0.16
53.8;-0.24
53.9;-0.16
54;-0.16
54.1;-0.16
54.2;-0.16
54.3;-0.16
54.4;-0.16
54.5;-0.24
54.6;-0.16
54.7;-0.24
54.8;-0.16
54.9;-0.24
55;-0.16
55.1;-0.16
55.2;-0.16
55.3;-0.16
55.4;-0.16
55.5;-0.16
55.6;-0.16
55.7;-0.16
55.8;-0.16
55.9;-0.24
56;-0.24
56.1;-0.24
56.2;-0.16
56.3;-0.16
56.4;-0.16
56.5;-0.24
56.6;-0.16
56.7;-0.24
56.8;-0.16
56.9;-0.16
57;-0.16
57.1;-0.16
57.2;-0.16
57.3;-0.24
57.4;-0.24
57.5;-0.24
57.6;-0.16
57.7;-0.16
57.8;-0.16
57.9;-0.24
58;-0.24
58.1;-0.24
58.2;-0.24
58.3;-0.24
58.4;-0.24
58.5;-0.24
58.6;-0.24
58.7;-0.24
58.8;-0.24
58.9;-0.16
59;-0.24
59.1;-0.24
59.2;-0.24
59.3;-0.24
59.4;-0.24
59.5;-0.24
59.6;-0.16
59.7;-0.24
59.8;-0.24
59.9;-0.24
60;-0.24
60.1;-0.24
60.2;-0.24
60.3;-0.24
60.4;-0.24
60.5;-0.24
60.6;-0.24
60.7;-0.24
60.8;-0.24
60.9;-0.24
61;-0.24
61.1;-0.24
61.2;-0.24
61.3;-0.24
61.4;-0.24
61.5;-0.32
61.6;-0.24
61.7;-7.36
61.8;-7.36
61.9;-7.36
62;-7.36
62.1;-7.36
62.2;-7.36
62.3;-7.36
62.4;-7.36
62.5;-7.36
62.6;-7.36
62.7;-0.24
62.8;-0.24
62.9;-0.16
63;-0.16
63.1;-0.16
63.2;-0.16
63.3;-0.16
63.4;-0.24
63.5;-0.24
63.6;-0.24
63.7;-0.24
63.8;-0.24
63.9;-0.24
64;-0.24
64.1;-0.24
64.2;-0.24
64.3;-0.24
64.4;-0.24
64.5;-0.24
64.6;-0.16
64.7;-0.16
64.8;-0.24
64.9;-0.24
65;-0.24
65.1;-0.24
65.2;-0.24
65.3;-0.24
65.4;-0.24
65.5;-0.24
65.6;-0.24
65.7;-0.24
65.8;-0.24
65.9;-0.24
66;-0.24
66.1;-0.24
66.2;-0.16
66.3;-0.16
66.4;-0.24
66.5;-0.24
66.6;-0.24
66.7;-0.24
66.8;-4.96
66.9;-5.04
67;-5.04
67.1;-4.96
67.2;-4.96
67.3;-4.96
67.4;-4.96
67.5;-4.96
67.6;-4.96
67.7;-4.96
67.8;-4.96
67.9;-4.96
68;-4.96
68.1;-4.88
68.2;-4.88
68.3;-4.96
68.4;-4.96
68.5;-5.04
68.6;-4.96
68.7;-7.36
68.8;-7.36
68.9;-7.36
69;-7.36
69.1;-7.36
69.2;-7.36
69.3;-7.36
69.4;-7.36
69.5;-7.36
69.6;13.04
69.7;13.04
69.8;12.64
69.9;11.84
70;11.12
70.1;10.64
70.2;10.56
70.3;10.72
70.4;10.96
70.5;11.12
70.6;11.44
70.7;11.76
70.8;12
70.9;12.32
71;12.48
71.1;12.88
71.2;13.04
71.3;13.04
71.4;13.04
71.5;13.04
71.6;13.04
71.7;13.04
71.8;13.04
71.9;13.04
72;13.04
72.1;13.04
72.2;13.04
72.3;13.04
72.4;13.04
72.5;13.04
72.6;13.04
72.7;13.04
72.8;13.04
72.9;13.04
73;13.04
73.1;13.04
73.2;13.04
73.3;13.04
73.4;13.04
73.5;13.04
73.6;13.04
73.7;13.04
73.8;13.04
73.9;13.04
74;13.04
74.1;13.04
74.2;13.04
74.3;13.04
74.4;13.04
74.5;13.04
74.6;13.04
74.7;13.04
74.8;13.04
74.9;13.04
75;13.04
75.1;13.04
75.2;13.04
75.3;13.04
75.4;13.04
75.5;13.04
75.6;-3.6
75.7;-3.28
75.8;-3.12
75.9;-2.96
