# Oscilloscope file ./20191024_882708.bin
# Channel 1
Time / s;Voltage / V
0;7.28
0.1;7.28
0.2;7.36
0.3;7.28
0.4;7.36
0.5;7.36
0.6;7.36
0.7;7.36
0.8;7.36
0.9;7.44
1;7.44
1.1;7.44
1.2;7.52
1.3;7.52
1.4;7.52
1.5;7.52
1.6;7.52
1.7;7.6
1.8;7.6
1.9;7.6
2;7.6
2.1;7.68
2.2;7.68
2.3;7.68
2.4;7.68
2.5;7.76
2.6;7.68
2.7;7.76
2.8;7.76
2.9;7.84
3;7.76
3.1;7.84
3.2;7.84
3.3;7.92
3.4;7.92
3.5;7.92
3.6;7.92
3.7;7.92
3.8;8
3.9;8
4;8
4.1;8
4.2;8.08
4.3;8.08
4.4;8.08
4.5;8.08
4.6;8.08
4.7;8.16
4.8;8.16
4.9;8.16
5;8.16
5.1;8.24
5.2;8.24
5.3;8.24
5.4;8.24
5.5;8.24
5.6;8.32
5.7;8.32
5.8;8.4
5.9;8.4
6;8.4
6.1;8.4
6.2;8.4
6.3;8.48
6.4;8.4
6.5;8.48
6.6;8.48
6.7;8.56
6.8;8.56
6.9;8.56
7;8.56
7.1;8.56
7.2;8.64
7.3;8.64
7.4;8.72
7.5;8.72
7.6;8.72
7.7;8.8
7.8;8.72
7.9;8.72
8;8.8
8.1;8.8
8.2;8.8
8.3;8.8
8.4;8.88
8.5;8.88
8.6;8.88
8.7;8.88
8.8;8.96
8.9;8.88
9;8.96
9.1;8.96
9.2;8.96
9.3;9.04
9.4;9.04
9.5;9.04
9.6;9.04
9.7;9.12
9.8;9.12
9.9;9.2
10;9.2
10.1;9.2
10.2;9.2
10.3;9.2
10.4;9.28
10.5;9.2
10.6;9.28
10.7;9.28
10.8;9.28
10.9;9.28
11;9.36
11.1;9.36
11.2;9.36
11.3;9.36
11.4;9.44
11.5;9.44
11.6;9.44
11.7;9.44
11.8;9.52
11.9;9.52
12;9.52
12.1;9.6
12.2;9.6
12.3;9.6
12.4;9.6
12.5;9.6
12.6;9.68
12.7;9.68
12.8;9.68
12.9;9.68
13;9.76
13.1;9.76
13.2;9.84
13.3;9.84
13.4;9.76
13.5;9.84
13.6;9.84
13.7;9.84
13.8;9.84
13.9;9.92
14;9.92
14.1;9.92
14.2;10
14.3;10
14.4;10
14.5;10
14.6;10.08
14.7;10.08
14.8;10.08
14.9;10.08
15;10.16
15.1;10.08
15.2;10.16
15.3;9.52
15.4;8.48
15.5;7.36
15.6;6.24
15.7;5.12
15.8;4
15.9;2.96
16;1.84
16.1;0.72
16.2;0.08
16.3;0.08
16.4;0.08
16.5;0.16
16.6;0.16
16.7;0.16
16.8;0.16
16.9;0.16
17;0.24
17.1;0.24
17.2;0.32
17.3;0.32
17.4;0.24
17.5;0.32
17.6;0.4
17.7;0.4
17.8;0.4
17.9;0.4
18;0.4
18.1;0.4
18.2;0.48
18.3;0.48
18.4;0.48
18.5;0.56
18.6;0.56
18.7;0.56
18.8;0.56
18.9;0.64
19;0.64
19.1;0.64
19.2;0.64
19.3;0.64
19.4;0.72
19.5;0.72
19.6;0.72
19.7;0.72
19.8;0.8
19.9;0.8
20;0.8
20.1;0.8
20.2;0.8
20.3;0.8
20.4;0.88
20.5;0.88
20.6;0.88
20.7;0.96
20.8;0.96
20.9;0.96
21;1.04
21.1;1.04
21.2;1.04
21.3;1.04
21.4;1.04
21.5;1.12
21.6;1.12
21.7;1.12
21.8;1.12
21.9;1.2
22;1.2
22.1;1.2
22.2;1.2
22.3;1.28
22.4;1.28
22.5;1.28
22.6;1.36
22.7;1.36
22.8;1.36
22.9;1.36
23;1.36
23.1;1.44
23.2;1.44
23.3;1.44
23.4;1.52
23.5;1.44
23.6;1.44
23.7;1.52
23.8;1.52
23.9;1.52
24;1.52
24.1;1.6
24.2;1.6
24.3;1.68
24.4;1.68
24.5;1.68
24.6;1.76
24.7;1.68
24.8;1.76
24.9;1.68
25;1.76
25.1;1.76
25.2;1.84
25.3;1.84
25.4;1.84
25.5;1.84
25.6;1.92
25.7;1.84
25.8;1.92
25.9;2
26;2
26.1;2
26.2;2
26.3;2
26.4;2.08
26.5;2.08
26.6;2.08
26.7;2.08
26.8;2.08
26.9;2.16
27;2.16
27.1;2.16
27.2;2.16
27.3;2.24
27.4;2.24
27.5;2.24
27.6;2.24
27.7;2.24
27.8;2.24
27.9;2.32
28;2.32
28.1;2.32
28.2;2.4
28.3;2.4
28.4;2.48
28.5;2.4
28.6;2.48
28.7;2.48
28.8;2.48
28.9;2.48
29;2.48
29.1;2.56
29.2;2.56
29.3;2.56
29.4;2.56
29.5;2.64
29.6;2.64
29.7;2.64
29.8;2.72
29.9;2.72
30;2.72
30.1;2.8
30.2;2.8
30.3;2.8
30.4;2.8
30.5;2.8
30.6;2.8
30.7;2.88
30.8;2.88
30.9;2.88
31;2.88
31.1;2.96
31.2;2.96
31.3;3.04
31.4;2.96
31.5;3.04
31.6;3.04
31.7;3.04
31.8;3.04
31.9;3.04
32;3.12
32.1;3.12
32.2;3.12
32.3;3.12
32.4;3.2
32.5;3.2
32.6;3.2
32.7;3.28
32.8;3.28
32.9;3.28
33;3.28
33.1;3.28
33.2;3.36
33.3;3.36
33.4;3.36
33.5;3.44
33.6;3.44
33.7;3.44
33.8;3.44
33.9;3.44
34;3.52
34.1;3.52
34.2;3.52
34.3;3.52
34.4;3.6
34.5;3.6
34.6;3.6
34.7;3.6
34.8;3.68
34.9;3.68
35;3.68
35.1;3.68
35.2;3.76
35.3;3.76
35.4;3.76
35.5;3.76
35.6;3.84
35.7;3.76
35.8;3.84
35.9;3.84
36;3.92
36.1;3.92
36.2;3.92
36.3;3.92
36.4;3.92
36.5;4
36.6;4
36.7;4
36.8;4
36.9;4.08
37;4.08
37.1;4.08
37.2;4.08
37.3;4.08
37.4;4.16
37.5;4.16
37.6;4.16
37.7;4.24
37.8;4.24
37.9;4.24
38;4.24
38.1;4.24
38.2;4.32
38.3;4.32
38.4;4.32
38.5;4.32
38.6;4.32
38.7;4.4
38.8;4.4
38.9;4.4
39;4.48
39.1;4.48
39.2;4.48
39.3;4.56
39.4;4.48
39.5;4.56
39.6;4.56
39.7;4.56
39.8;4.64
39.9;4.64
40;4.64
40.1;4.64
40.2;4.72
40.3;4.64
40.4;4.72
40.5;4.72
40.6;4.72
40.7;4.8
40.8;4.8
40.9;4.8
41;4.8
41.1;4.88
41.2;4.88
41.3;4.88
41.4;4.88
41.5;4.96
41.6;4.96
41.7;4.96
41.8;4.96
41.9;5.04
42;5.04
42.1;5.04
42.2;5.04
42.3;5.04
42.4;5.12
42.5;5.12
42.6;5.2
42.7;5.2
42.8;5.2
42.9;5.2
43;5.2
43.1;5.28
43.2;5.28
43.3;5.28
43.4;5.28
43.5;5.28
43.6;5.36
43.7;5.36
43.8;5.36
43.9;5.36
44;5.44
44.1;5.44
44.2;5.52
44.3;5.52
44.4;5.44
44.5;5.52
44.6;5.52
44.7;5.6
44.8;5.52
44.9;5.52
45;5.6
45.1;5.6
45.2;5.68
45.3;5.6
45.4;5.68
45.5;5.68
45.6;5.68
45.7;5.76
45.8;5.76
45.9;5.76
46;5.76
46.1;5.84
46.2;5.84
46.3;5.84
46.4;5.84
46.5;5.84
46.6;5.92
46.7;5.92
46.8;5.92
46.9;6
47;6
47.1;6
47.2;6
47.3;6.08
47.4;6
47.5;6.08
47.6;6.08
47.7;6.08
47.8;6.16
47.9;6.16
48;6.16
48.1;6.16
48.2;6.24
48.3;6.24
48.4;6.24
48.5;6.24
48.6;6.32
48.7;6.32
48.8;6.32
48.9;6.32
49;6.4
49.1;6.4
49.2;6.4
49.3;6.48
49.4;6.4
49.5;6.48
49.6;6.48
49.7;6.48
49.8;6.48
49.9;6.56
50;6.56
50.1;6.56
50.2;6.64
50.3;6.64
50.4;6.64
50.5;6.64
50.6;6.72
50.7;6.64
50.8;6.72
50.9;6.72
51;6.72
51.1;6.72
51.2;6.8
51.3;6.8
51.4;6.8
51.5;6.88
51.6;6.88
51.7;6.88
51.8;6.88
51.9;6.96
52;6.96
52.1;6.96
52.2;6.96
52.3;6.96
52.4;7.04
52.5;7.04
52.6;7.12
52.7;7.12
52.8;7.12
52.9;7.04
53;7.12
53.1;7.12
53.2;7.12
53.3;7.2
53.4;7.2
53.5;7.2
53.6;7.2
53.7;7.2
53.8;7.28
53.9;7.28
54;7.28
54.1;7.36
54.2;7.36
54.3;7.36
54.4;7.44
54.5;7.44
54.6;7.44
54.7;7.44
54.8;7.52
54.9;7.52
55;7.52
55.1;7.52
55.2;7.52
55.3;7.6
55.4;7.6
55.5;7.6
55.6;7.6
55.7;7.68
55.8;7.68
55.9;7.68
56;7.68
56.1;7.68
56.2;7.76
56.3;7.76
56.4;7.76
56.5;7.76
56.6;7.84
56.7;7.84
56.8;7.84
56.9;7.84
57;7.92
57.1;7.92
57.2;7.92
57.3;7.92
57.4;8
57.5;8
57.6;8
57.7;8.08
57.8;8.08
57.9;8
58;8.08
58.1;8.08
58.2;8.16
58.3;8.08
58.4;8.16
58.5;8.16
58.6;8.16
58.7;8.24
58.8;8.24
58.9;8.32
59;8.24
59.1;8.32
59.2;8.24
59.3;8.32
59.4;8.32
59.5;8.4
59.6;8.4
59.7;8.4
59.8;8.48
59.9;8.48
60;8.48
60.1;8.48
60.2;8.48
60.3;8.56
60.4;8.56
60.5;8.56
60.6;8.56
60.7;8.64
60.8;8.72
60.9;8.64
61;8.64
61.1;8.64
61.2;8.72
61.3;8.72
61.4;8.8
61.5;8.8
61.6;8.8
61.7;8.8
61.8;8.88
61.9;8.88
62;8.88
62.1;8.88
62.2;8.8
62.3;8.88
62.4;8.96
62.5;8.96
62.6;8.96
62.7;8.96
62.8;8.96
62.9;9.04
63;9.04
63.1;9.04
63.2;9.12
63.3;9.12
63.4;9.12
63.5;9.12
63.6;9.2
63.7;9.2
63.8;9.2
63.9;9.2
64;9.28
64.1;9.2
64.2;9.28
64.3;9.28
64.4;9.28
64.5;9.28
64.6;9.36
64.7;9.36
64.8;9.36
64.9;9.36
65;9.44
65.1;9.44
65.2;9.44
65.3;9.52
65.4;9.44
65.5;9.52
65.6;9.52
65.7;9.52
65.8;9.6
65.9;9.6
66;9.6
66.1;9.6
66.2;9.68
66.3;9.68
66.4;9.68
66.5;9.68
66.6;9.68
66.7;9.76
66.8;9.76
66.9;9.76
67;9.76
67.1;9.84
67.2;9.84
67.3;9.84
67.4;9.92
67.5;9.92
67.6;9.92
67.7;10
67.8;9.92
67.9;10
68;10
68.1;10
68.2;10.08
68.3;10.08
68.4;10.08
68.5;10.08
68.6;10.08
68.7;10.16
68.8;10.16
68.9;10.08
69;8.96
69.1;7.84
69.2;6.72
69.3;5.6
69.4;4.48
69.5;3.44
69.6;2.32
69.7;1.2
69.8;0.08
69.9;0.08
70;0.16
70.1;0.08
70.2;0.16
70.3;0.16
70.4;0.16
70.5;0.16
70.6;0.24
70.7;0.24
70.8;0.24
70.9;0.32
71;0.32
71.1;0.32
71.2;0.4
71.3;0.32
71.4;0.32
71.5;0.4
71.6;0.4
71.7;0.4
71.8;0.48
71.9;0.48
72;0.48
72.1;0.56
72.2;0.56
72.3;0.56
72.4;0.56
72.5;0.56
72.6;0.64
72.7;0.64
72.8;8.72
72.9;8.64
73;8.64
73.1;8.72
73.2;8.72
73.3;8.8
73.4;8.8
73.5;8.8
73.6;8.88
73.7;8.8
73.8;8.88
73.9;8.88
74;8.96
74.1;8.96
74.2;8.96
74.3;8.96
74.4;8.96
74.5;8.96
74.6;9.04
74.7;9.04
74.8;9.04
74.9;9.04
75;9.12
75.1;9.12
75.2;9.12
75.3;9.2
75.4;9.2
75.5;9.2
75.6;9.2
75.7;9.28
75.8;9.2
75.9;9.28
